1898
2858
5385
5803
3765
5959
4536
1774
4380
4536
438
1229
5313
5356
4805
310
3794
5397
5
5645
2098
5313
612
4770
3789
1994
2650
4028
1591
2419
4063
2043
3730
4063
2229
4916
5866
3583
3314
5469
1632
3783
465
5387
523
4216
50
2955
2023
5085
795
3989
2325
2587
1543
3857
4960
1413
5386
4997
3507
3507
4400
5356
4098
3662
612
3773
2095
5180
3453
5751
4098
1882
1256
1337
3794
3314
5012
621
2682
744
1368
5895
4843
493
2859
3648
343
4628
3819
3989
2724
5895
3194
523
888
37
1321
1754
2293
1543
2709
3733
4863
5649
1426
1611
3306
2091
1611
5556
2879
5731
5325
1304
523
499
2602
568
2229
5341
1426
5211
2043
3557
1212
653
5341
414
4814
1794
5386
4356
4380
143
3276
3540
4770
3730
4400
1529
4770
4445
203
2023
343
2587
2689
2250
3557
3777
3194
228
966
5387
3858
1368
2809
5733
3052
4830
4430
1668
2128
3730
1368
4254
3194
3435
5404
1136
5325
2404
1369
5622
2925
1623
3306
4430
903
1709
3858
2325
2095
4614
4082
1035
4354
429
3789
4281
3302
2336
4491
1899
3583
3178
4083
2691
5384
5211
5374
2091
4970
2206
3274
523
3764
1909
2368
3789
1256
5300
3648
2250
778
1606
820
135
4491
3557
430
1941
3044
3427
4160
5685
4570
2220
173
37
5040
4928
2709
3557
1677
3304
4950
3858
4737
3370
2724
3531
363
4997
726
5397
1179
2023
2879
1543
3972
3527
249
2246
2869
5211
4083
659
1787
343
3957
2404
4028
1933
2482
173
2262
981
1994
3530
2230
971
3812
5885
3733
4356
1035
903
4191
4144
917
5982
5423
2619
5325
4400
1569
4028
3764
2965
2858
5803
1256
4254
730
4024
3615
3507
3812
3270
1504
4020
227
1811
2995
4160
1212
3693
3498
5885
493
4379
5415
568
4737
3435
4970
3118
3373
1012
429
5446
778
5927
2368
4700
1669
505
4814
3314
2023
1129
1918
2710
2404
691
4168
3178
1034
1827
3937
3052
1785
4359
3437
3435
4847
3153
5386
2229
499
2413
5747
2809
5151
5929
3937
4815
2461
5
3630
1606
3783
4928
143
1445
2652
2859
552
900
568
4627
5374
762
726
4901
5300
328
714
4150
4140
1632
3630
1569
2229
68
3922
3829
3435
3468
3874
3973
2710
1334
1344
310
3302
659
4216
3730
1190
3274
2820
5415
227
1322
1337
795
5489
2262
1256
3765
4901
3314
2809
369
227
3730
4379
5929
361
4922
5302
4815
3270
3300
5300
3044
641
4063
927
3530
1568
4022
1747
235
3842
887
438
3540
43
778
2709
5530
2125
3302
2926
3194
2368
1341
2220
5040
1034
2404
1579
3918
2286
4379
3922
2371
4020
1229
430
2336
430
3918
3615
3615
997
4830
4306
744
2286
227
4354
5302
2858
2347
3989
5683
2539
3529
203
1668
3435
2872
5302
2820
3173
905
4716
2229
2260
4024
1035
2859
5489
501
4716
4150
1256
2858
3789
4467
1088
1744
2926
328
2525
5714
5384
1789
5542
5501
1579
2085
3277
3314
5866
796
5469
2925
283
2461
5215
2607
3583
1709
2461
190
5341
5466
3052
5622
1941
5282
3777
5501
2032
229
283
5698
3530
3764
3203
2974
1611
1802
2085
2461
5772
4022
4901
2229
4934
4340
1995
2710
1327
2879
2098
4160
4997
4379
4506
4506
3765
3437
4543
4997
1480
601
2164
5085
50
5698
5673
3829
1369
2128
5040
3900
1349
5580
1976
4457
4506
430
351
3670
3527
4997
684
5225
3194
2444
1433
5722
1568
3475
4380
1229
3
2184
3306
3274
5866
2316
4755
5417
2206
4997
888
3551
3922
30
5404
5895
5215
3531
235
4043
4400
1369
5580
3306
3858
4916
1899
4627
2396
4814
5415
4400
678
1529
4805
5896
2206
1190
1318
3972
4160
5530
2947
2098
3206
2945
2809
1995
1238
591
249
1882
3670
4543
888
4546
3422
5415
1668
1579
2366
1480
203
2539
4354
499
648
1034
1811
1747
5386
3989
3132
3435
3957
2602
5683
5356
1811
2710
2422
3435
1229
2325
1318
5638
2441
4445
5797
4140
1789
4379
4491
1445
363
2676
4098
343
4356
4928
5860
2098
1327
4083
1506
4305
653
5683
2098
4299
4785
4570
3648
5386
5215
2060
328
3730
3648
3513
493
4571
1369
4379
4299
3153
3670
1623
727
4140
1504
1709
1851
648
2724
1851
1789
283
900
4207
3730
2404
5466
1543
3306
568
1933
1369
3508
2600
3277
4082
3364
82
3773
4083
3206
5698
341
5386
4118
1327
3551
1811
1337
3364
4920
493
4536
4098
2600
2291
2650
4525
981
4457
1568
1504
568
3203
2128
1918
235
2423
3765
1937
3293
4207
5368
4457
5866
2553
2405
351
1500
4028
1337
4043
3173
72
4020
3631
1124
4950
3239
2809
4359
888
1591
1304
1709
4216
3277
3468
1136
3173
5895
4150
3985
3498
5169
2955
2602
2229
203
2820
4492
971
2625
3101
3306
4661
2652
4934
5313
2060
591
310
2587
4525
341
1569
3551
4543
2098
5108
3783
552
3670
684
1660
3794
4582
3794
641
2291
1669
5108
2368
1126
3900
2819
4380
4299
5259
271
1369
3583
1034
1569
905
1851
283
4950
2043
3962
5387
5885
5397
5356
3615
1687
498
4571
3314
4916
1754
4191
5180
4525
4805
5300
4082
2988
744
5622
1677
1088
3670
1669
1256
3730
2652
5059
820
2461
429
271
2422
2594
2847
1794
2859
4299
1976
1321
591
5982
2945
4305
3798
1909
5747
5313
3973
2366
5156
2461
4737
4920
5191
4863
3239
5156
1327
4506
1321
68
2689
5341
2423
2872
4365
1579
43
5982
1794
3757
3427
2125
4144
3918
541
3437
1579
820
2260
2423
3783
3061
5556
3757
51
5755
4620
3874
2879
341
3789
612
726
777
5885
4091
1857
1256
4191
5191
3435
5797
730
5199
820
3693
523
659
92
3740
3044
2809
2525
4755
5452
438
3369
72
4805
5469
1034
4013
5627
1369
3858
659
5501
3427
1318
917
2347
5627
4700
2047
229
5417
1668
5012
2851
5556
2539
2316
3422
4144
2689
5501
5861
465
1471
1327
1426
5530
4627
135
3200
1905
3783
5698
3631
2539
5929
4755
429
1304
1426
1579
2539
5282
4028
4934
1471
3312
3468
2955
2461
2337
5765
2230
3373
5489
4254
3551
430
3498
2525
2419
3508
2858
3052
5300
4491
5191
2461
5755
1256
2125
3962
5895
3670
1857
659
51
2047
3922
3557
1179
2291
5085
4118
5341
726
4275
3293
1212
2404
5180
1905
3693
4506
5180
5638
3200
4627
2290
2965
5751
3540
3757
4525
1905
2879
1504
4970
3557
4525
4305
2291
3985
310
3540
134
762
1304
3764
2347
3435
2368
3583
4082
1851
5580
4863
1334
4891
4628
1905
5638
1179
3304
5959
3475
1318
5714
552
1941
2676
3858
3277
1623
5673
678
1304
3583
5885
3583
5374
4737
1899
4281
5199
3972
5638
1126
5151
3044
1747
3437
3194
3551
1191
2060
3508
228
493
1568
5191
4805
4627
5059
1802
981
356
903
5772
4830
5387
4570
1744
2095
5622
4491
3783
1304
227
966
1322
900
3737
744
5151
2652
72
5927
5417
614
2607
356
4843
1152
3626
1677
4814
1921
5211
2236
4737
5895
3498
893
2847
1774
1304
2368
4380
927
1933
4950
1899
3437
369
3693
2995
3693
4627
465
5341
1152
190
1529
1369
2085
5387
3918
2682
3373
37
5489
5885
1349
820
1081
5199
3422
5259
1081
1088
4928
1152
5158
2691
796
5772
173
2691
5622
4207
1349
4847
10
1506
5215
2602
465
2405
3422
621
5885
43
2619
684
1585
1152
691
4991
1744
1341
762
4365
2366
5489
2047
72
3200
2366
328
2461
3453
3777
4661
3930
2851
37
135
92
5423
1606
1994
5896
727
1081
2594
3957
2184
4570
5731
203
2819
2444
2128
2505
591
229
4098
3798
3200
2262
3789
887
1369
3733
591
3693
5649
3900
4359
4379
4467
2441
82
2925
893
2709
3740
3740
2444
3293
5466
3408
1611
82
1764
568
4997
903
2600
4082
3507
1334
3631
2293
4275
5797
3529
249
5530
2220
5982
4570
2023
363
2607
4160
3453
5685
1941
1811
3798
1394
3153
1568
5211
4749
4207
3777
3690
1933
2229
678
3551
4661
1744
37
1129
2260
4700
3304
2553
3276
2098
2336
2347
3468
5344
3829
1937
3973
744
4538
1568
1337
3508
4020
5059
3642
4359
4150
5530
4429
3189
684
2525
2095
1754
2125
5796
5446
5223
5356
283
1344
3829
465
3531
1445
50
4539
414
552
3783
2819
2413
523
4928
641
1445
2250
310
730
1256
614
1445
2164
2290
2461
1787
2236
4359
4863
3364
778
2974
3922
3508
1543
1504
3972
4934
2347
5158
3757
5191
4614
363
1088
4916
2422
4024
2997
2229
2325
4287
4144
4098
3274
1334
229
3422
4716
966
3189
4150
5649
2587
5489
744
5927
369
5325
2858
4091
4467
3145
4024
2809
3631
310
4118
3730
2198
2926
4287
3293
4737
4491
351
5415
1905
1744
5070
4160
1568
3408
4207
1321
2441
2879
37
2594
5747
68
4934
4628
1191
4916
4506
1179
2997
5169
341
122
430
5259
971
3957
4627
2965
5542
591
3798
1579
601
3662
744
4582
4934
981
203
4356
4168
1088
3531
3061
3507
3588
3740
2198
2873
2325
4144
2600
2650
4491
820
343
5380
3314
5356
356
4539
1126
3615
2286
2404
1591
4997
3408
3132
903
438
4755
3530
4841
1433
5156
5685
5380
5199
271
227
3300
5423
1997
5356
4863
4144
2164
5772
2607
3900
3468
1179
2198
430
2337
2198
2809
43
235
2947
2482
1785
1882
1318
3642
1677
249
2325
3693
1905
4830
1368
1212
3626
5542
3435
3373
5645
2947
2553
4570
1088
2505
82
3153
271
1229
4960
2047
4216
5259
2413
900
4207
3540
5982
134
4934
5706
3540
3957
1802
68
4815
5199
5085
3239
5156
5387
4083
5866
2539
1413
5469
3475
2206
4144
4830
5731
2926
4863
4814
92
4082
3874
3239
5368
3300
4841
1229
5225
4168
3153
4830
2461
3178
2461
820
1669
552
2230
1229
4755
2482
2404
2316
4400
3540
2236
2423
4380
3312
4365
3887
1394
4160
3300
5415
4716
726
3314
283
1445
361
552
5733
777
4506
4934
4391
5423
2587
4620
493
726
3626
2293
5404
903
4118
2444
1568
271
981
5
235
2058
614
2869
493
981
3829
1369
1349
122
5722
2955
5489
1035
2368
2587
2396
3527
2091
5085
2316
2423
4916
1152
4028
2676
653
4785
3900
2229
5313
4916
3044
4380
2873
3985
1304
2652
1368
552
2316
4737
249
2858
4991
684
1088
3171
5169
1190
4928
363
2058
4354
1811
917
5070
714
3733
2809
4467
2676
3789
429
4233
5466
2291
3733
2032
5356
3373
43
4063
310
4950
1307
2652
3985
2347
414
438
3364
2260
3630
229
3789
4305
5156
1744
3930
5645
691
5452
2419
3972
4254
2060
2198
3300
966
4216
2650
3304
552
4997
5151
1677
1256
4445
2260
2405
4815
2709
4168
2091
5374
3557
1997
3276
2757
612
249
2869
4785
2830
2820
601
3132
4916
3200
2859
5423
3314
5374
3764
1899
5861
5096
1426
5542
501
2724
2060
5542
5169
5706
1081
5649
1918
5542
5085
795
2032
1529
4847
3171
4536
653
653
5344
2125
5085
5259
2349
659
4340
1995
3145
1081
5714
4254
3437
1811
1744
2724
3370
4970
1152
3314
1632
5959
820
905
4091
82
2316
2043
30
5796
3829
4841
3435
2594
341
4287
5302
5452
2290
3306
4340
3783
2404
5772
5380
3557
3132
1368
1471
122
5722
3530
4582
4340
438
1318
1238
1794
612
5885
4391
3178
591
5012
3648
92
3972
5384
4628
1334
1136
1506
1129
2293
3626
1445
2246
499
3615
1369
4168
4997
730
3529
777
4365
5191
2260
2809
30
2091
3427
4281
2676
2505
3973
2997
173
3973
5683
1827
5861
3842
4150
1179
4960
1229
2691
2220
1504
5556
1857
1126
3874
2085
2809
3498
3583
541
3918
1394
5387
2336
3178
4160
2945
3453
1747
2336
2337
4928
501
5325
1669
3631
5341
2043
2553
1585
1341
51
5747
5415
1322
5341
5387
82
1687
2044
2313
501
4287
5377
5530
4457
2819
5070
2419
3858
5982
1369
5929
4150
684
5259
37
1976
4785
3427
5096
5706
1152
2594
1611
493
4863
621
235
2709
4365
1344
5772
1238
4356
2095
778
2607
4354
1585
3551
3819
4543
3312
4082
5156
5982
1327
568
2676
1754
5211
2682
1933
4815
1787
2587
568
2955
5622
3194
5446
5751
4506
37
3435
2229
2316
4934
2125
4354
1941
5259
1529
5223
5622
1426
3789
1471
5446
2689
3529
4022
4028
283
1569
4620
4525
4716
2085
2206
10
1034
4920
5580
3630
4620
5215
4359
228
3962
2587
5191
227
4805
5108
4901
4359
2229
3630
1785
3777
1933
2461
4043
5223
568
4922
744
3132
3132
4700
5156
4901
4570
2236
4022
1327
2997
966
3422
2423
4543
1774
3370
5747
1995
135
905
648
3206
3662
2482
5423
135
351
4538
5
2587
2419
3740
2851
2607
2539
4815
4430
498
1569
1585
5452
5580
3740
4233
614
4380
2619
4815
1579
4785
4863
310
4275
3277
3435
5747
1480
3829
328
2220
3302
4380
5387
5417
5386
3693
5151
3900
1442
4863
1899
3453
1433
4140
356
363
614
50
5755
2587
173
1569
1568
2419
2600
2830
4275
3740
5191
1327
5387
328
2607
2691
2820
1668
3306
5158
5580
1995
2349
235
5404
369
691
499
3764
5397
5714
2945
3662
2044
2809
2757
3962
438
5861
4922
414
4379
1480
4863
4570
2553
3314
5374
5108
3373
2336
2404
4340
4380
5755
5722
3626
4380
228
1905
744
4233
5542
3475
1212
1851
5896
438
2291
4749
1442
1899
190
5158
2859
4391
3304
4737
648
5796
5223
3670
2260
5259
3842
3783
1394
4960
4785
1918
328
3468
1368
778
4960
82
2676
966
2539
4379
68
3369
3508
5223
465
2250
4960
5404
3044
5374
3973
3662
4538
691
3615
2819
1632
5722
2262
5797
4628
5151
1321
5747
4281
4207
3819
1623
3044
893
3690
4737
1506
5386
3874
2404
4970
4620
3588
4749
2830
2757
1504
1081
3314
1976
30
5885
905
4354
2291
5387
4216
5387
2689
2043
2820
1937
2230
5645
5622
5452
1321
981
4661
1413
3200
2974
4254
2316
2125
4582
744
4400
3631
1941
2347
888
2847
310
3922
2539
3312
568
3693
465
3989
2349
3475
5685
4805
5397
4429
4391
2915
3475
3369
3
2349
903
3132
249
5070
3370
1827
2619
5215
1623
4160
2965
2313
2098
5885
5215
68
1191
4491
5627
5446
1433
5059
5211
3101
3145
5731
2220
903
2316
5012
4354
5380
3061
2337
5180
1543
5803
5356
2337
37
50
2594
363
5374
2220
4356
3858
1687
2413
1899
678
2915
2260
3900
3693
3540
4091
414
4970
3973
5530
4429
4847
2997
1744
1709
3930
3312
5622
1304
1669
5685
1754
3937
5866
4207
5685
2525
727
3730
5211
3239
2349
3239
5929
4150
5300
1827
2947
4118
2337
3507
3783
568
2032
3829
2974
4950
5417
1976
5386
5384
2368
971
2044
2125
5341
2724
4299
4063
4491
2441
3101
465
2851
351
5622
4492
5158
4354
5085
361
5377
2587
3435
4991
3302
2710
2482
2851
659
2336
341
1669
4083
778
2220
3937
2246
1827
541
2851
203
2858
92
3887
3178
1129
2830
4191
3270
2650
1088
4400
2602
3989
900
1744
5282
2859
1337
2988
653
1774
612
1442
1669
4150
501
4749
2250
1129
2422
5070
3794
4991
1212
4028
2044
5982
3531
429
5096
4098
4997
3529
1394
2441
2260
1304
5180
2444
5374
2236
5638
3874
5180
1794
2607
2915
4140
4546
5885
5625
903
3293
684
2404
2060
997
2396
5012
3276
4950
1504
5344
4571
678
591
2925
5885
1442
4340
1012
3757
2997
3662
4755
691
4543
5706
3276
5446
5796
4140
122
3874
210
4400
3314
5386
92
4098
1081
3052
3531
4356
1334
1413
4191
730
4536
1606
591
4098
5384
2337
3498
3842
2325
4582
1827
4083
4305
893
4429
5368
1368
4043
5542
4356
3194
2413
3153
1369
5377
465
1504
2847
5215
3132
3527
2955
2553
2396
1318
3937
762
3829
4340
2600
5580
249
1941
4063
3171
2198
3270
3887
2325
4863
1660
3918
2316
5387
966
5673
5530
981
1882
3615
1668
1941
2396
5751
4359
4467
3206
5344
1349
3314
2060
966
3662
3631
2366
2419
5223
5096
2125
4492
1851
4922
4755
2869
2098
5085
5387
1322
3626
5423
5282
2404
5386
568
1632
3061
1369
2625
5706
1433
4841
2032
10
465
3300
5638
5211
1995
2336
614
3588
568
356
3972
1579
4281
5645
5542
2689
3737
2058
1785
1344
173
4022
2198
5959
744
4770
235
4281
430
249
3764
5803
4991
4216
3293
2349
1811
5860
5384
143
4570
4737
2482
5622
3239
4022
5012
3551
2043
5649
1012
4287
5731
893
4814
3615
3369
3312
4815
3777
893
3527
37
5341
5096
1012
1081
343
4716
1349
2872
1933
3270
5638
50
4063
5158
5982
5215
612
4830
5627
2676
2915
2229
5530
3498
3276
5415
1081
778
2337
2023
249
5282
4571
5580
1995
501
1579
5040
1794
3203
5344
4538
1413
2164
4950
4380
3453
4570
4960
1794
3730
2682
5501
523
1394
1851
4020
541
2710
5356
143
1413
3858
4901
2587
3730
5397
5158
4281
2032
3551
568
1827
4191
5755
4991
228
3857
4582
4536
4536
2607
1504
4365
135
2368
2444
2505
5377
1940
4506
2098
5755
1152
143
1322
3293
4570
4539
3508
5085
3306
4582
1794
5282
726
3764
3422
2710
3270
1606
5012
1480
3203
4029
465
3973
3061
328
4991
4144
2404
1480
1568
3733
271
5797
744
5404
3498
1035
4716
614
3757
4950
4029
3937
568
3044
1126
3630
1709
1569
4536
5211
2587
3630
3437
621
3052
5180
727
3730
4091
5300
3783
4491
310
691
3757
3277
5040
5040
3693
2607
5452
3498
2997
5982
5803
4380
4614
2997
1937
2461
601
173
4299
2724
2652
4287
3508
4863
2600
3052
1334
1851
1579
1307
5180
1882
1471
1632
2997
3648
122
653
4457
1529
4843
2869
5368
2851
5386
2879
4457
4022
2423
2915
1256
498
2164
4916
4627
3874
173
4305
1433
5982
3783
2709
5225
3300
5344
5096
1369
4254
1937
2525
4082
1212
1899
3819
2125
2290
51
1632
796
465
2724
4991
1976
5158
2444
2625
4063
4960
1124
3773
1851
1994
2290
966
3730
361
4254
3513
341
5622
762
1341
5860
5446
3498
3973
3422
5223
1940
493
5803
3972
5180
3829
2625
2997
2619
552
3427
678
2366
3733
5151
2602
4024
1937
1994
4150
1035
2947
971
5866
4216
5452
4144
2851
82
3052
1857
981
4755
971
1413
4785
4970
5645
2098
1709
1937
2872
1997
641
2997
997
3648
4083
3203
2926
1994
1128
1394
4191
1506
82
4814
1012
3540
5927
228
5199
3314
5259
3531
2724
1997
5673
1256
778
1827
621
2965
2851
641
2444
820
4168
1126
648
227
1445
1660
3498
203
2858
134
2710
1433
2164
4830
2043
3812
3887
4506
568
2625
5380
3178
1774
72
1789
4960
727
5927
501
2915
2246
3044
2325
4354
1256
5108
4028
4083
3630
4254
1747
1785
1568
4020
5169
3408
4430
762
3783
414
369
5085
5108
5797
3973
43
3922
343
4960
5446
5796
4029
3052
888
568
2044
1327
3693
888
5446
5866
2125
5673
43
2337
5404
4928
363
5070
4950
2260
5698
1506
2625
2316
3973
4891
5259
2757
1709
3631
3274
4457
1256
2710
5282
2366
3615
917
3989
5638
369
1687
2260
591
2313
1344
2830
2947
3200
3819
1529
235
501
3957
1128
3887
4340
1785
2587
5282
1327
341
1034
5796
1709
1368
653
493
4083
5
341
1369
341
10
5040
2689
363
351
2058
5896
714
4571
1124
4275
1368
591
2858
4022
438
1334
4083
5927
796
4571
762
3312
4525
4755
3857
1337
3764
3874
501
3557
5
4354
1997
2246
4546
4785
1506
2607
37
68
3764
777
2260
2058
2230
541
5
4538
591
341
1344
1585
4063
5895
50
3529
2250
2441
1787
3435
5397
4920
3508
726
1579
3277
203
1579
4997
903
887
2925
3757
203
1506
2085
1229
5
5501
3513
4306
4755
4815
1905
4020
5714
3118
2691
1744
4492
4287
1794
1611
2098
887
5387
2607
3203
601
5625
43
3453
971
3531
1318
971
4770
4506
5673
1660
2505
3304
2873
2198
235
2091
5384
465
1668
1744
249
51
190
228
5927
5722
3630
190
5542
3475
5259
2461
4429
5344
4536
1921
3773
4863
37
3631
1504
3508
1579
3513
3693
3989
888
5344
2229
369
2198
3631
2419
1794
2313
2095
1941
3370
1369
37
2869
1899
1368
4091
2851
2125
3789
5374
5384
283
614
4020
3900
4299
1152
2525
2337
1611
3764
778
3408
2689
2032
5683
997
5530
820
5302
4815
2404
1337
3630
4168
2125
1744
1334
1623
5368
1506
5927
4281
4863
3145
2505
30
1857
4620
1136
4570
5714
4525
5772
5180
4950
203
5387
3631
2444
5085
2047
2602
498
2757
2128
4233
3435
1256
691
2366
4970
1543
2337
5885
4805
3557
4082
3276
2060
3274
5772
493
1937
3783
1238
5158
369
5796
887
328
4970
1789
4233
3798
5180
5649
2625
3304
552
1034
4525
82
1857
1304
1940
3276
3740
4620
5156
5158
4391
4063
2091
4028
4814
235
3435
2724
4305
4379
2413
3730
4091
744
5751
3527
730
1480
2682
3435
501
2925
4863
1394
135
641
1500
1794
2965
210
5415
3475
5368
2607
2809
1337
3765
1426
4359
414
2505
678
5417
4928
2184
5866
1433
1921
493
1568
1238
2553
5040
1744
659
820
2085
5706
1504
2925
2872
1136
1506
2091
5356
2809
1899
4843
714
227
726
2859
1994
523
1677
1785
1256
5199
5556
1368
3648
2098
4543
1307
5225
1764
5469
3857
4118
2047
2915
283
3557
2915
3306
501
3369
614
3435
5580
3972
5341
3270
5180
1668
1997
2482
2724
4901
5282
3277
5489
1229
4755
5896
5085
3153
2085
4254
5384
2689
3777
283
1976
2091
1669
659
4028
4118
5755
3194
5580
2293
1426
3648
4043
5489
2023
2236
1568
1789
2371
1851
2371
684
1789
2085
1764
5215
4970
1764
2553
1995
981
1754
2587
2441
2313
4020
5747
2619
1413
4843
1747
4457
3937
5040
2553
1128
3061
2229
2405
2128
900
3783
92
2619
271
4022
505
2128
3475
2461
4661
612
2125
2236
714
4168
3985
1256
2396
3798
2184
5580
3508
5387
3132
1632
3435
4020
1504
72
5282
1126
3435
2757
4191
3773
5895
5469
1307
3693
5683
429
4150
493
614
4661
2422
4233
2602
5387
1529
1322
2505
3777
2337
3437
568
1529
68
3551
1238
2652
3239
5638
1579
3200
5417
1321
1128
1744
1035
3900
4830
1369
4931
1579
1256
2587
5423
3239
3153
614
430
283
3052
2652
1369
493
887
82
4922
3794
1394
4891
2198
3422
50
1827
5259
5731
1442
4841
5685
2023
4091
641
1128
730
4140
4863
1256
2602
122
1190
4830
4570
2709
2337
5885
283
2060
173
4083
2371
2915
1152
5282
4755
1433
2095
5866
3858
5446
1747
4571
5580
2091
5158
43
1744
2349
5714
227
1304
4570
612
1529
2291
1543
4359
1764
2337
92
1569
820
726
2619
5530
1413
1318
5896
2405
5860
1256
2945
3132
2405
1994
4380
2286
3274
2869
5927
4216
2422
678
2724
438
5796
3670
1344
72
2091
1579
5387
568
4144
903
1905
4931
778
3529
4737
1433
190
1677
2198
2995
2965
3203
4491
4847
363
5356
3052
92
1238
2539
3422
4700
684
3989
4492
4429
2198
505
5803
4614
1529
4299
4627
3630
648
2525
2587
1543
92
3812
2325
5685
4233
4063
1337
2997
4024
2441
1128
3693
1124
4082
2872
1341
3551
1933
4785
1426
2336
1034
3989
2286
1794
30
2945
1349
4716
5796
5282
2405
4457
3189
5469
1413
1709
5404
5012
4013
1632
3274
2650
659
2229
4716
72
3370
612
4028
5542
3173
3061
1304
5683
4013
5282
1905
552
2819
1394
1764
3276
5959
795
2682
5796
4920
5302
2995
2625
5377
4082
1344
3789
5191
1190
966
5683
4891
3531
1126
1687
4028
1543
4830
2337
1307
341
1827
4082
4863
678
3937
2682
552
2594
203
1591
1543
2220
2220
5580
3972
1327
2349
905
2198
3274
4020
1789
1857
568
5896
2337
3540
3918
5580
3422
2198
4013
5300
1774
1994
1126
727
5387
5755
1307
4083
5489
5380
4830
10
777
2291
4356
438
4628
4020
5722
37
343
2098
4430
2847
4356
1152
1413
5387
4830
1433
966
905
2336
4028
2366
2691
777
2652
3427
1307
4525
5489
903
1128
4340
51
1669
5698
1337
2337
3435
4928
5169
4356
5282
2525
5356
1504
927
2724
1256
1687
4191
3468
1744
1349
5866
369
3529
1152
5722
3052
3529
3773
4400
1413
4305
1994
1632
3306
4491
4997
4922
438
2505
1480
505
4506
1307
3370
2184
3508
369
5223
1921
2044
653
3670
601
4661
3693
5374
5417
1349
5012
3626
4843
3972
5860
143
678
4843
3189
4287
5300
2230
4098
601
3189
541
1321
4254
4863
3690
4140
1529
2995
2757
1504
1764
3507
3171
4863
4571
5156
4991
4700
1129
1851
37
210
5446
3369
5747
3819
2851
5282
4815
2047
5542
3061
2441
5156
3690
2349
4043
5803
2594
4150
4492
4275
3513
4543
3206
1789
2851
1802
1369
1136
2851
4233
5501
3
1191
134
3740
4287
1569
5765
971
3276
5070
498
4275
3239
653
820
235
1677
1774
3857
501
3874
210
341
4430
691
1827
5397
5211
3061
4306
2290
2413
5223
4287
1747
4340
714
1136
4491
3887
3203
1369
173
3588
648
5698
3551
1190
2859
1433
283
3427
343
4661
4063
3551
621
3874
1394
3061
1442
4359
3277
5344
2044
3900
2246
3189
5377
4716
1012
4216
541
4661
4543
4970
1433
4931
5765
5733
5356
4841
5556
4356
3145
2405
3900
3145
1321
1179
3531
4020
5861
5158
4755
5040
2246
343
653
4083
3829
2809
2286
1445
4582
4150
4863
356
4841
727
3857
3922
228
2337
3437
653
2925
3989
3777
927
5397
1744
5325
351
4863
143
3507
5313
1529
3132
2091
2246
4299
4536
122
1035
2945
1918
2293
4770
235
203
4627
3498
3
3630
3427
4570
5860
2945
4028
2313
363
4140
3857
4022
2371
727
1994
2206
1811
271
4445
3206
614
1088
190
4275
3730
4737
5156
3783
1369
2873
2847
1322
343
4024
4043
601
1921
414
5356
5673
3527
2872
30
893
2461
3631
1035
4354
2925
4306
1774
1034
1529
4306
3798
905
5211
3422
4543
3276
1334
3765
5191
4024
653
5302
1744
3557
5
4140
3427
4144
3733
1632
2125
5731
2600
2349
4380
1337
4546
903
2349
1918
2368
3468
2047
4538
4287
1034
1787
5341
5059
678
341
4830
5469
2349
1337
1789
1152
4922
2926
3527
2625
2539
3937
1623
2965
2349
414
2413
4354
5085
4539
369
1827
3529
4160
2505
37
1307
2710
3937
3061
4716
1500
5733
614
4525
493
3858
2206
2869
2441
1126
5751
5929
5866
3642
3189
4570
4207
5397
4916
5341
4539
3551
4830
3302
3468
4891
430
4543
2830
4305
5885
3989
3930
5313
4847
4457
3874
4299
2689
82
5356
4960
1709
2482
900
714
4022
3206
271
3529
5772
1851
4445
4063
2349
3773
5040
5466
1787
351
4716
5622
1304
2368
1995
2830
2413
5530
5096
2291
1709
3530
5638
2125
893
1905
498
3453
2246
3173
4029
3874
1504
659
3373
2847
229
4356
1238
493
4391
4287
3194
591
3314
3052
5085
2260
1426
4457
1337
893
2423
4365
361
2413
552
1709
5417
1128
5501
3972
2260
1585
5259
5796
3829
1785
523
2607
1994
4144
4207
2413
1668
4755
5685
5368
726
5731
3922
5059
2710
778
5415
4546
1611
4847
1500
3930
228
3765
691
2423
3369
4275
5380
1394
2230
5180
3300
1012
2974
5387
2859
3874
3507
744
2682
2945
3475
2085
5530
4755
4118
5755
2830
51
4901
2293
3662
1687
1369
2819
1744
4029
2607
5259
3239
1212
541
4233
1744
3314
762
37
4118
3690
4281
1124
1426
4546
1709
3239
3765
5199
5225
2587
5683
4043
68
2396
2128
5698
1857
3648
2423
143
2125
5374
1857
2058
2858
2260
4299
2709
1764
3972
143
4429
2164
2602
3530
1126
5803
135
5731
271
659
30
3408
2872
5580
893
3733
4275
653
4950
4716
4931
727
227
5927
5895
5466
3777
3513
2371
3435
5733
310
4191
3312
1321
4028
981
4570
5259
5530
3132
1787
4922
429
3206
591
5387
2724
50
3145
3435
2553
2198
1857
343
1774
3153
4340
1882
1445
5215
3798
905
2032
4305
2349
4160
1827
1937
3118
2128
4543
228
1909
1034
1668
1129
3153
3989
2676
5733
5387
3540
341
2997
1238
2461
3765
3435
351
501
4400
4525
2873
5313
1606
3789
3557
2313
5417
2125
1976
1341
2441
4863
1529
4700
2925
3427
5622
5501
744
3842
2230
1179
4445
4543
3101
1882
5706
2539
4830
5929
2422
356
1229
4847
1909
3435
5803
3437
3369
3829
2724
2872
5085
1669
5012
3985
3789
4144
82
3427
4191
3513
893
2336
1500
2988
2291
1940
5751
4620
917
795
5158
2619
5169
5282
2336
1611
4233
4863
3422
4013
5501
3757
3962
1081
4755
505
228
4457
5796
1413
1899
684
493
5386
888
2858
2482
4755
1126
2587
4997
4400
3662
1212
1709
4737
1764
1933
3171
430
2058
5645
3468
3293
971
5387
5012
1368
229
2995
1764
1307
3730
568
5796
2236
1128
5282
5300
5215
2847
5649
3435
438
3153
3642
1918
3773
5530
601
1569
143
5625
4118
361
5423
4400
2858
310
2250
4661
2313
5706
3194
5215
5638
1899
2587
796
2847
3789
3930
2060
3145
1918
1500
5417
1304
3922
2482
1529
3648
3132
1229
68
5645
4254
51
1632
2246
2337
2925
2441
2250
1687
5158
1152
2650
971
2650
3842
3203
1995
5191
3435
4863
2988
820
1506
4997
2925
1529
1191
356
3373
5714
5215
917
3918
2347
2482
3937
2650
1212
2915
2461
4429
1088
726
1129
5530
5489
2325
4543
4281
341
2023
5282
2525
4627
4749
1591
1857
3475
5215
37
5895
3530
3300
4570
5380
5733
3173
4934
3765
2206
4570
3203
4920
2229
2325
4805
1256
4013
3693
3370
3737
361
37
971
971
5683
648
3239
2098
5096
4144
2809
601
3370
730
343
2710
4216
4920
2337
1126
10
4429
4430
1344
82
5452
1212
3777
3529
4543
3203
4620
2974
271
2587
3513
4118
430
2461
369
1611
3314
3648
2607
2396
4356
5706
3435
4380
2869
3052
568
4815
3670
1994
430
5489
1909
4843
229
249
3422
3044
568
2246
190
903
2974
3973
3985
2128
3690
2809
341
3373
1995
1709
893
5423
1191
2325
5384
2250
5698
3670
1811
2286
351
4013
1677
2262
762
4571
4843
249
4737
1035
4365
2419
1774
1568
4356
1754
2925
2336
762
3304
1190
2619
796
2220
2947
796
2336
3364
3468
2879
2032
5625
2098
3918
5215
1909
4400
5556
1136
2441
2600
903
4254
203
4467
2405
3173
5151
4118
3101
30
3101
795
1774
1976
1034
351
2461
4546
601
4216
429
2594
3733
1229
4091
356
3453
501
3427
5501
1794
3044
2230
4022
727
5927
1568
5446
4216
5452
4570
2689
3206
2336
3061
1124
2125
5446
796
3437
2184
3858
1012
4191
3662
4570
3973
5341
1744
2872
4536
1937
1995
1882
5673
1921
5096
2858
4400
2594
1529
4299
3819
4467
4582
2164
1256
3052
5070
4991
3794
68
1341
3842
4755
4359
1976
235
5417
981
2587
3118
4543
135
1506
4863
1606
927
1921
4287
2974
3306
50
341
190
5895
5108
4207
1394
4287
2206
1787
5733
4543
1035
5108
4144
2325
5466
2198
796
3498
1433
903
4920
552
4160
3730
4430
5423
552
2553
361
3540
2184
1827
2847
3101
4168
2236
2809
1905
429
4356
1794
591
1543
2947
3276
3985
2858
2164
2128
2229
2945
900
4445
4546
5300
5156
4207
1413
2423
2230
3276
229
1349
1921
5377
2085
5446
4922
2441
43
2246
3044
3277
4543
4254
2925
1764
5649
1256
4627
1851
3145
2091
3693
493
4620
4863
5722
4254
4843
5733
3171
228
4700
4022
3662
5747
4430
3304
2220
4144
1921
4457
2974
5927
135
343
1136
2095
2652
5085
4749
3369
92
966
4299
2988
1238
3648
2851
2023
2325
3153
2594
43
2316
3422
2859
727
5530
4571
351
2444
2220
1744
1471
143
2419
3369
4430
2125
5755
5156
2236
135
762
2820
5649
4216
4083
465
72
2974
2461
4627
3773
5417
4063
3276
5387
3648
2164
361
5158
3798
3765
4254
1212
341
1506
4570
1568
3789
888
1994
1256
2023
4150
438
361
1994
2396
4275
4379
5959
1321
3540
653
5085
4661
51
648
3270
203
1568
4628
1940
4997
1794
3737
5627
43
1997
2422
68
5466
3733
2260
134
1322
2757
2349
5982
903
1442
2587
684
997
3173
1976
3900
4536
5649
5282
4365
5199
4920
2809
1128
5861
1304
1191
3373
3937
2757
5772
2650
5731
2058
429
1212
5896
1126
2809
5860
5714
997
2337
1081
493
727
1124
3312
2847
2652
1256
3764
2682
4492
173
5895
3777
5885
5580
2032
2830
762
3648
5169
1152
796
2594
888
3757
328
5796
3583
92
568
5622
2260
5714
3408
3277
1344
5199
552
3044
5191
641
2689
2650
762
1394
3962
2125
5377
1128
5446
5259
3737
1433
3369
1905
3989
1568
4168
5706
4340
3171
2830
5377
2724
2441
4922
5368
5501
659
3937
4749
3693
2525
3
1747
2820
5085
2709
5896
2988
4028
1128
2313
5387
1899
5096
4140
1744
3468
1794
2404
4391
601
3052
4400
351
684
1341
4098
1802
5344
3642
2229
2444
1787
5300
917
4506
4306
4770
4028
2873
2724
648
5733
2164
5199
1995
5469
341
1709
5860
5404
5530
2293
228
1899
3529
4287
4160
3740
3857
5356
5803
1668
612
4380
2044
3937
4491
1506
10
4022
2724
4847
2594
5158
3302
2482
2293
5417
3551
3437
4118
684
4380
5341
1341
997
2859
228
1179
1369
134
4305
2405
3740
2371
3132
2988
4920
3132
5466
3918
1687
5722
1012
173
3437
2587
5747
4430
4380
2710
1785
1426
5380
3690
1500
5417
5751
4022
3631
1857
4863
2650
3274
2441
3171
1034
4847
4571
341
5722
10
3531
3540
3200
4281
173
5622
3857
2650
5530
5059
3206
3972
3757
2262
1344
5397
5223
1369
4160
5685
4620
3630
4749
1623
1579
3588
5446
499
5344
1754
3842
4920
4931
5645
2847
5012
1994
2926
1256
641
4013
3764
4863
228
4430
648
4359
5380
2125
3364
3173
4359
5397
135
4614
1677
1794
4661
4570
5423
135
1997
2337
1238
3153
4491
4916
4627
4863
5580
4997
4150
4863
4305
4571
4024
3798
4506
190
5638
4063
4082
4083
3874
3306
2819
1344
5059
4063
5530
3874
5860
5896
4620
4830
762
4287
1369
905
2125
2995
2230
4013
5722
1368
4144
3551
2482
1394
1785
5501
3937
4755
2869
4354
5530
1994
3874
795
2250
3312
4931
4538
3588
1190
2206
4063
4997
653
2286
465
1334
4960
3435
438
2184
5085
4083
4620
5706
5469
5982
134
1318
4928
3513
2995
2164
3777
1012
2724
4847
1344
2553
1568
227
2830
227
5556
2851
3631
3194
4083
1088
4063
5649
5341
363
5530
5530
4445
2220
3178
5108
1212
3206
1191
5714
2757
3302
5169
5012
5860
3918
4028
5151
1585
72
3153
5747
2587
726
1334
5722
4365
2032
5627
4150
2539
4150
5397
641
328
5638
3468
3789
1369
2988
1433
4614
4661
3630
5344
5356
568
68
2085
3513
5108
3642
2650
2873
3773
5530
4024
4546
10
4805
5645
4275
3765
4028
2482
1506
2974
3670
3789
5
228
283
5673
501
1433
1394
4216
3789
3507
5070
4815
4830
5059
3277
4207
1136
3551
5374
3435
210
92
2600
2587
997
3985
523
2461
4306
283
2347
893
3437
5387
3642
3690
3475
5070
4191
601
498
4785
4445
2085
498
777
2461
4429
1811
3239
4916
3171
2419
1940
1238
3101
3922
1506
438
3118
744
4901
4150
3274
3989
341
3145
4028
5627
927
3145
3765
4536
981
5895
3985
1124
5501
2060
72
3798
541
5706
4492
730
5341
3630
3985
2347
2095
4661
2404
5386
2819
414
3171
4354
4628
2974
3798
3957
1918
68
2206
2925
1413
5368
3730
3662
4755
5397
4445
1976
730
1191
3812
429
1129
3302
2229
1179
2125
4506
1129
143
1442
4063
5982
893
3513
2724
4627
2291
678
4356
3300
2925
3583
888
3615
2830
3364
3304
5
1611
1369
4020
2859
3498
5803
5772
3513
2405
2313
5530
5223
1088
3829
3789
2164
2336
4805
356
1632
2236
5313
5645
4543
3962
5180
3101
3373
2997
5861
4340
3118
5341
4863
1152
4539
2652
4582
2347
5085
1940
1035
1747
3304
1229
43
4216
2859
235
4543
2125
2336
2413
1035
2246
143
1606
5698
4430
3764
5380
3962
341
3293
2184
4755
2600
1088
1012
927
4830
2995
4160
4916
2246
2047
2974
2869
981
2198
4815
726
5452
4506
2260
5404
2461
3789
2594
210
5982
5803
4144
2689
143
2396
3777
4716
5625
5927
2184
134
5211
3
5755
341
5714
684
4755
3777
4020
3765
5374
5377
4140
1687
3962
4305
4960
5
1124
1212
228
4356
4543
3642
3475
5885
1344
3044
2125
2872
1413
3989
4380
2262
310
684
1334
5012
678
5384
3530
4275
3435
2947
2444
612
429
2830
5622
3773
5982
4916
1611
1669
1941
2997
3690
1124
1754
5982
1035
4391
1480
10
2689
4233
795
4785
1349
1754
2125
3200
5860
5423
1394
5885
1368
4083
1933
2652
4140
1256
1933
4491
2461
1789
1857
1794
4749
5300
4847
2945
4847
4997
341
72
3812
2851
4028
5404
4140
2926
1369
37
5180
1229
1794
4028
4891
4991
498
3789
1212
5169
2044
4160
4922
3531
5344
5885
5580
1179
2091
4491
2872
2128
4570
341
1774
3765
903
3615
726
2879
2872
5108
2689
2286
2337
2869
4620
2859
4737
2625
4901
229
1256
5649
4299
3203
4805
691
4430
778
5860
2945
3630
4749
3277
4841
3957
2206
2262
72
1744
5755
3531
2444
493
1442
1785
2955
4365
5685
2872
887
3304
4814
4891
1918
568
1304
2125
5885
3364
2032
1744
4445
5927
4546
796
3858
1394
4920
730
1124
4543
4430
1787
5225
1394
3900
3270
4281
3293
1445
4029
2405
4970
4365
4891
3044
3118
1899
3132
1709
4901
5542
5638
601
2691
1337
4281
143
3276
2198
37
30
2246
2044
5446
1238
1851
1677
2044
3630
1851
3101
3690
4620
2851
5108
3427
5714
903
927
1569
4525
363
3200
37
5386
227
5169
228
3957
1012
3531
5747
2482
3468
1611
3061
1787
1747
5765
271
5313
4340
4457
3468
5982
3270
795
3206
3557
2313
2873
1136
2947
3857
1997
4379
887
4022
3132
2505
3733
3937
4815
5683
438
4843
714
3475
2023
1543
4098
3427
3918
4830
795
3551
1368
730
1687
2724
2652
92
235
203
1229
2260
5542
2525
5387
1471
4082
3274
4467
3794
5404
5731
820
4305
3730
4843
1238
3588
1568
1937
2539
1585
2955
3194
4841
1997
3740
1191
3989
414
568
2461
5415
1190
1909
3773
5085
5387
1995
4354
5556
5040
614
2347
4620
5625
1337
3789
2023
5384
5012
5625
1585
2230
2819
4814
2965
1543
4299
1937
5223
5259
4843
2060
493
3173
3508
2915
4628
2316
5108
2965
3132
4536
1744
2988
5860
1899
3930
4628
1899
3314
1124
1471
3437
4805
4661
3498
1660
4755
1349
2757
5386
4950
2098
3648
361
4354
2809
5466
235
1368
1937
3422
3507
4785
552
3293
2553
2689
4098
1940
3957
2587
5714
5683
4020
414
3858
2404
2220
2246
4082
5259
3277
5344
43
68
1256
1851
4997
1668
3874
3300
2423
3557
134
4467
3829
5622
5191
3293
5796
2336
1321
2879
3900
4492
3937
3270
4365
5325
1827
1789
3306
3783
493
5530
3206
523
4970
1442
1337
2371
2043
3972
3900
3370
726
4997
5
762
1088
1543
2164
653
5384
887
2164
5751
5397
1307
5096
4306
1668
4970
3789
5325
3101
3829
2286
4814
641
3200
1442
3989
3887
4755
3630
2819
730
5982
2293
2947
210
5325
1568
4582
1480
2965
2461
653
3957
235
2125
614
4931
68
5199
1811
5625
927
4628
2869
641
796
4379
2423
5417
1851
1256
5622
134
4737
4354
4491
5423
1480
68
2060
135
341
2098
4359
2444
3314
2482
1445
3364
3118
310
2128
5344
3145
1660
4770
4582
1238
5556
5896
2337
4950
1787
2988
5627
4525
2945
2607
5223
3819
1611
5012
3918
3690
5706
1568
2058
501
3690
3962
1433
4843
5377
1012
903
1327
1764
505
641
1857
5215
1442
893
2091
5982
1327
5386
5698
1995
4901
2047
591
2206
2044
3306
4467
5625
997
3530
4380
1256
2290
778
2032
2482
493
5982
1529
5300
5404
2652
5866
2405
4814
903
5417
5772
501
744
5625
5622
5300
2809
2085
1126
1976
369
4020
3740
3194
5446
1569
4013
3277
1337
1500
1238
3364
966
3513
691
4275
4098
744
900
1918
2995
2859
4028
501
3
5380
1445
2809
4785
4536
2058
5803
1568
1568
5929
1152
4546
1669
2091
2461
900
678
5404
3798
5469
1785
5530
2847
5180
4901
4830
2974
3302
5059
552
5397
2809
3918
4991
4430
4118
2505
5895
4934
3918
4901
1238
5085
1744
678
3118
762
4340
2023
4020
122
2809
3985
3690
4922
2709
523
1129
4716
1669
2945
4391
3274
5580
966
3858
72
5096
3626
778
4661
5469
3101
3631
5638
3178
4847
3513
351
498
1152
2482
1882
1212
5344
3370
4863
3118
1012
4539
612
591
505
614
3475
3527
5040
2539
2441
3531
612
5959
5368
4841
3794
5866
568
4627
1976
5096
2539
5397
2047
3475
210
5158
2988
2047
5622
5156
3858
4022
4492
2337
4140
966
2872
4429
5374
5466
4737
3874
493
1668
2709
3435
4749
3194
653
1905
3508
541
4028
4254
2291
3306
1413
2336
3557
2220
4814
5169
971
3829
92
3052
1256
3794
3189
2236
3044
2220
5423
3985
1569
5895
2859
4340
726
5085
1764
4543
4755
3648
2602
2337
4380
30
343
981
3435
981
3631
1334
3314
1857
2260
2184
820
4538
134
5012
691
1126
341
2444
3145
659
4305
5452
1334
2404
1327
2262
210
5625
3985
5085
501
3540
5772
2336
3972
341
1747
2820
5530
3531
356
778
1190
3529
5374
714
3527
1238
229
2337
3937
726
3630
5556
2482
1088
1126
744
2098
356
5387
1124
5530
3857
591
4620
1256
4356
4305
612
5386
3153
541
5929
3527
3171
5384
1126
568
229
2236
4571
1668
3437
5070
2404
2206
135
3194
369
1787
2988
2184
1789
2044
4863
5313
3044
5223
4254
3693
4150
2809
2290
3973
4160
2337
4118
1921
3302
4543
2291
1918
2650
1568
5423
3829
2724
2293
1754
5927
5489
5223
2198
4863
2607
5070
2423
1976
2229
2091
3293
1660
5896
414
3189
971
1529
4916
3588
3662
3422
3858
1623
3173
2290
3989
4627
134
3794
2461
2405
2710
2060
1976
2290
2184
5747
37
498
2809
5466
4491
1341
4098
1785
3777
1585
5627
5797
5860
2689
3765
5423
1591
2368
82
1368
1918
966
2032
498
5151
1606
5325
2091
2997
2819
2650
5645
3277
1568
4627
3435
5223
4582
795
4024
3557
3304
3540
2873
3507
4168
3798
328
3513
4380
1611
648
4934
4029
1433
5085
2128
4785
3206
2250
143
2260
1789
2682
1606
2098
1349
143
5796
4841
796
5452
4306
5530
778
3670
3422
1304
1669
3642
5927
4306
5446
4467
310
1368
4354
429
3540
2525
5085
2336
5772
4950
5452
3777
3527
3693
917
1660
3557
5896
2128
2164
4538
3312
5627
1568
3690
1802
3206
2539
5404
4160
971
1337
203
5415
2336
5638
228
4843
2396
5685
1256
2441
3557
341
210
4144
2349
4737
5638
2724
2337
5404
4492
5380
2128
4847
4091
3583
2553
2505
3052
4931
2995
271
1827
2947
5649
3690
4770
2851
369
505
4570
1585
4785
2044
4931
1754
229
3373
229
1304
1229
2997
4830
2095
3737
3922
43
3373
5199
2879
2325
2085
1744
356
5714
5803
1976
3693
552
4467
4922
730
5452
5722
5530
5158
1433
2419
4614
5627
5860
3962
3693
4013
523
2293
173
971
68
4354
5387
3435
4901
1433
3507
341
5313
3551
744
5501
3631
1789
900
3118
3819
2709
1568
3274
4082
591
4098
4467
2347
3973
3194
778
4931
2336
1413
1179
4863
5211
5556
1081
1827
1905
5384
3972
2325
283
1369
203
568
2847
4287
1322
2236
3900
505
1413
3304
3626
3527
2724
4020
2413
2246
777
2128
135
5895
5685
4140
1744
3874
4233
3513
2505
1304
1394
3740
1669
3764
3642
4749
3061
227
5755
210
2423
5765
1471
684
4970
5
4934
3887
4091
1321
3
4628
2858
2405
3887
777
3930
2290
2206
1568
2710
1940
2997
1789
2291
5191
1660
2869
2325
4024
2607
2229
5866
5929
5685
2757
3270
2043
2587
369
3171
5722
2873
2230
2553
3962
1764
1668
3061
648
2236
2184
3757
4430
3789
3171
3364
1857
5040
1606
2441
3189
5649
5356
249
2293
730
2995
4997
1471
3962
3631
3513
465
4380
4814
4785
762
3314
3989
3239
5466
4716
5387
552
2650
3203
3206
552
1191
2809
5368
762
5012
1585
3857
727
4841
4571
2023
4991
5796
5861
2396
4570
1349
3306
1128
523
1322
2230
2525
714
2396
2313
1660
917
4299
2128
3972
3364
5714
887
341
2587
2652
4931
3153
3314
3206
135
5638
10
900
5040
3306
3777
2246
4582
2044
5731
499
5012
3874
5156
4916
4830
1921
684
3171
5638
2650
2724
2422
4922
5982
501
3918
5542
917
2230
37
612
5300
4340
2220
1568
3200
3730
3794
4582
4207
2422
1909
4716
1334
1433
4814
3819
1677
2098
3508
893
72
2974
210
659
552
3369
2974
2724
2926
2676
3194
30
5156
3937
3173
3540
271
3370
4160
4536
68
3789
5282
3730
5012
5772
2809
2682
1811
1747
1128
5685
2220
4830
4891
1369
1341
4536
1212
621
1337
3475
2206
1937
5259
2594
2974
1334
2347
2525
4207
4275
3274
2724
2819
5649
981
1327
5211
3435
1606
1034
4150
3765
2060
2650
3930
4934
3312
414
4931
4997
4028
3737
2691
5469
887
4960
568
4091
3783
5645
927
4843
5797
3132
2879
3052
3922
3631
3874
4340
5325
1632
4546
1794
4207
4379
3200
2691
2290
2423
1190
5542
4191
5649
3513
1307
1344
3557
1976
361
51
82
3270
4920
2955
5374
5386
4305
5489
1229
641
1256
3842
4254
2246
4950
3757
5325
601
3422
887
1442
3132
1307
5377
4063
3453
726
5489
3239
1035
981
893
3200
1034
1126
4571
5645
5302
2709
552
730
5649
4082
1256
2691
5199
37
2955
3061
1568
4916
1081
3693
2625
4934
552
3408
1882
5866
653
3773
5765
10
5191
5
1238
92
5156
3200
4755
1611
2809
361
3302
82
900
5796
641
4960
430
3513
1669
4916
4429
2607
4306
5649
351
4287
1579
2371
1128
3630
210
5085
2926
1905
4305
4254
4997
648
1012
1623
