3930
430
1229
4536
4305
3937
5683
2125
2413
2525
429
1568
2023
3173
5211
3274
1349
5070
4538
2206
3370
4863
3588
1126
1152
5223
3435
3631
1152
5
210
5542
1035
2091
1937
4863
3858
4028
4429
4306
37
227
4305
3370
4305
4539
1136
777
2060
5368
1341
621
3648
5803
1126
5
1568
1426
3145
1191
2587
5341
493
5259
328
2058
5714
3498
1754
4356
5387
5803
1369
3475
3173
1349
351
2325
3200
1937
5698
5645
5860
714
1136
3957
4024
2396
3985
3370
3972
1997
2164
283
1504
3973
5645
1623
3306
37
4805
3773
5158
3468
1754
5040
30
2085
72
2286
727
1744
2965
1709
3757
4024
2291
68
1307
4755
1623
203
3101
4091
796
5415
1677
3540
5772
730
762
1307
3270
4380
1623
2347
1327
4254
1933
2757
4118
5282
2164
5374
1632
820
4207
5627
3203
3670
1256
1754
3730
5397
4150
1827
1787
5344
5
2710
2625
4207
283
1321
3178
2974
621
1660
3239
4400
5530
5580
1709
4950
429
568
3730
5627
5530
2682
2206
612
1349
4191
1899
4160
5377
4191
4901
3690
744
328
2689
917
3740
1152
3783
1369
3773
1882
438
429
4379
1940
5698
5341
2198
2206
5803
227
2250
4970
653
2368
5300
3300
2236
1687
5199
4028
3373
888
2164
5180
4934
143
5325
1088
505
1918
4299
2587
1754
4160
2405
5108
1081
1976
4063
4028
5446
135
5151
30
429
4536
1687
614
5225
2336
72
5158
4543
1128
2396
900
4922
37
3733
5959
203
3118
43
5747
3304
4430
3373
3842
568
820
4492
1129
5469
3200
1190
2128
4144
414
5368
1081
1543
2482
3794
888
2539
1994
4380
3507
2336
3276
5344
2988
568
3615
1238
1660
5158
691
1344
2423
3373
1034
4275
4770
5452
2915
5982
5386
1500
1307
903
5341
5417
4815
92
2262
4083
5929
3985
363
1994
3783
1229
3200
5211
3274
3274
2553
2602
3858
10
498
4570
1413
1569
3364
1321
3757
3642
4430
3922
2602
1611
3178
2368
2851
3798
3408
3173
3052
429
1744
5706
5861
2682
3740
727
92
3730
5368
2032
1994
4024
5085
135
5387
283
3194
3900
2709
1747
3145
1337
1334
2859
5302
1794
2505
1882
568
4582
2286
1012
5733
5896
1687
4028
5374
4950
2044
4028
2371
2198
1035
5415
2965
2587
4716
3789
438
1334
3551
4028
4275
501
2044
3061
1152
4160
4380
3989
5199
4506
4429
2206
1307
1668
3530
5191
4168
3206
2988
3789
2260
1921
5685
2419
1811
5645
5501
4539
3304
5415
1304
37
2441
2974
37
68
3475
1747
4997
5387
1321
2313
727
5501
5085
5380
4749
903
796
4506
5387
3145
1937
5638
3427
2444
5259
3276
2809
4445
1190
414
5085
4359
1905
2060
3373
5627
4614
2505
5096
2682
1851
4043
2873
2250
173
1191
3530
4891
714
4570
2032
173
1632
2128
5627
5423
2095
820
4582
3900
1568
5158
4805
5169
903
5706
1802
498
3842
2091
903
4997
1136
1426
2847
2423
5423
3648
1579
5580
2873
1034
1307
4922
5225
4013
499
1918
3508
5215
3989
4991
4991
5501
3962
1369
5469
3277
5387
3437
1909
5959
2988
1687
2043
4379
1480
5861
2650
2313
2947
3304
3194
3302
4028
310
1632
30
1341
5325
5860
4991
5755
1256
820
1212
2128
1585
4379
2689
2347
82
4997
505
2847
2396
3173
1709
5225
4863
2461
5211
1129
3957
498
4275
229
3304
2058
3900
3529
2220
505
2023
4960
4934
981
4614
1337
3989
5755
653
1129
5423
641
820
2689
1709
900
190
762
228
1349
4922
1794
5627
2290
4281
3733
4029
5489
5313
1899
3435
3173
3061
1899
2873
3858
2262
1941
1445
5622
5313
82
1229
2482
4380
3812
4891
2246
3132
210
3300
2689
5733
777
2128
1321
3270
4299
1747
3435
2830
4391
2441
1124
3858
927
227
2691
5896
5300
4785
3962
2044
5386
900
2691
4429
4020
1827
2368
4661
1229
351
1304
4922
3304
5772
43
1918
2337
5199
4716
5731
1827
310
227
4805
1256
1318
1179
82
2974
1569
1124
499
2291
4043
1088
795
1349
5070
1937
1341
1579
5580
227
5622
3132
5
5
4043
2236
2206
4847
4354
5747
3765
1504
4506
1785
887
1764
227
341
4770
3551
4275
3475
5300
4749
1827
4755
2873
2689
1307
1591
2809
1191
762
5698
493
343
4755
3583
5622
190
3061
4207
4216
2847
2220
505
43
2650
2830
5211
5895
5796
4024
134
2246
2184
3173
5384
4254
2619
1506
678
4749
762
438
887
2925
1785
5959
2250
4043
1341
3615
5895
4991
3540
2553
1995
5158
1152
568
3842
2915
1754
3737
2820
2873
3733
2820
3551
2313
190
1794
2859
2262
2058
2206
2858
1794
3733
2809
3274
1088
3733
4571
82
3829
4546
1369
2032
1349
726
4306
3972
37
3304
4863
3531
1500
5386
4091
3615
2032
5751
4716
4022
1995
4281
5580
3777
3306
2336
2236
493
4770
3730
4997
4755
2872
3239
2368
4140
3178
5927
2619
1905
4991
1433
5223
2047
3757
3364
1994
4614
4931
3530
1785
4013
369
5929
5747
4028
3764
1129
5384
1851
2974
4755
691
3794
10
4340
501
2349
4737
3293
5225
3
2553
2220
5302
981
1921
4430
4737
4785
903
5368
3145
2652
5380
1426
648
1802
3765
648
2851
3437
1337
1668
2809
5772
3737
37
684
414
5085
1344
310
4582
5282
4538
3794
1857
2313
3557
2691
1238
727
72
2974
3427
1787
1136
2422
3194
493
5530
2371
1709
727
4083
2325
356
361
3276
4043
3985
2602
4207
1344
1341
820
4287
2757
2602
493
3044
927
3757
82
3293
2095
2997
5861
2872
4620
5556
4916
4233
3757
2553
1857
5223
4814
4445
1349
3812
4083
1747
4991
5797
5300
2198
2925
1623
4287
2325
3693
3276
4928
5530
2291
4140
271
2710
3733
5259
2926
4020
4841
3733
4445
5885
5542
3276
3900
1802
4997
4024
5415
5452
3540
1764
3194
2625
2879
1882
122
1827
4160
2337
2587
3918
5211
1882
5866
4928
356
2366
5380
727
3588
3194
2098
1445
5673
4843
5895
5649
4620
1035
1764
2184
438
1433
3498
2689
2198
3588
5797
2872
249
4306
568
2125
1921
341
4546
3435
5929
2085
2873
1774
900
2995
1611
134
3733
414
5625
5466
1611
3171
3178
4492
4805
614
4380
2128
3178
5404
2505
1668
271
2525
72
523
1081
5673
1307
1426
2128
2594
5344
2291
1426
363
4755
3740
2926
1687
5300
3957
5796
981
4916
2262
3437
3842
4891
591
1606
3427
4216
2915
5180
4359
893
900
4755
4028
1764
4916
1322
4737
888
5469
4063
3630
1995
4379
3293
4233
2293
3957
190
5259
4356
2819
3764
3408
2085
2955
3764
523
2869
2368
1591
2325
541
2652
4755
3930
1933
2847
2926
4492
1687
4379
3061
3737
1081
3918
1669
3300
4063
900
5191
2230
3453
2619
621
5085
1994
2291
227
3642
5466
4013
5199
72
1229
1997
2809
2325
4168
50
3773
3829
1212
4755
4168
887
5377
5722
5344
5397
1327
2347
4922
2602
4118
4922
1827
3132
2587
5012
92
4785
4354
2095
4028
1933
3757
1543
2220
5866
4491
2587
3498
1623
3773
5501
5927
3101
1341
5059
1349
3435
887
4216
905
3044
2873
3178
1426
1081
3615
1794
341
1304
3435
5
2525
1229
3690
3364
4815
5151
5387
2607
3369
2955
4770
1337
2995
1585
3529
4934
122
2873
727
5765
4815
271
1369
4863
3
1568
3930
414
2879
2539
2047
356
1933
2594
30
3842
3588
4144
1995
4287
5530
2058
3239
5765
4538
1256
1591
5387
43
2347
228
3737
4287
4920
4538
1764
3364
3435
2337
3
2594
523
4305
1909
541
2044
363
493
2371
2619
5645
3312
4287
3178
1747
744
568
1568
4570
3101
5622
4028
5211
4233
744
1307
235
4191
3887
3626
5466
727
2505
3178
271
2873
1668
2293
2368
2847
1585
5860
5959
3530
1687
5012
2349
3044
4700
1426
1789
3874
2869
235
4356
4098
1677
2164
3300
5751
1088
72
143
4536
2947
2347
1585
5180
3670
4043
4160
1933
1480
1585
2337
2250
4700
3435
5714
1851
1136
3615
1433
2444
50
5860
1179
5225
2539
1256
501
5211
2851
541
5384
1851
10
1585
1126
3513
2098
1921
5751
4028
5530
50
10
227
1611
1334
1500
5386
4770
2873
1940
2337
5223
5649
499
5070
678
2422
1851
2602
4997
5772
3
1709
1129
1668
684
1318
51
2091
621
2047
4160
4755
3615
4083
4233
235
714
10
3498
3498
2619
1368
3588
778
2206
2316
4538
4755
2724
3153
1918
5622
3531
1012
2830
4391
5446
3206
3972
5751
3369
3842
1827
173
4785
3437
601
5929
1579
2873
3468
2676
1941
1012
501
3858
1569
762
4922
4843
5452
4020
1506
235
3270
2830
3557
1677
343
2851
361
4281
4628
3922
1034
2619
796
1529
2482
4546
2337
3670
3530
1789
2405
1997
2830
4029
5452
2250
2926
1660
2691
2926
37
5300
4275
1341
1500
4755
4755
3194
2444
1909
3206
3583
5384
4950
3887
3
5384
5377
2682
5446
4233
2602
3276
905
4970
5225
5368
614
4254
369
51
2965
1744
2184
5649
3370
3757
43
2724
1426
3293
3052
5300
2032
2539
1442
430
2349
2236
4950
5215
2587
210
361
2423
3498
3200
1238
5169
744
92
1334
1754
4920
4546
283
1321
2619
2858
249
5158
2602
3765
5356
4140
3858
3626
3783
2809
5215
5895
2869
795
1933
5397
4805
3773
5959
2444
3408
3985
68
1995
2396
3583
1744
2955
3435
5
2689
2368
4863
2337
5866
5417
5211
2525
4755
2423
5
341
2869
5215
4538
5796
3812
4863
2290
2997
1445
2461
4506
3200
5803
68
3498
3312
1321
2198
3203
3829
5169
501
3812
3304
3
1677
4830
4997
905
5627
1918
5885
361
1445
173
3527
4755
5927
229
2441
501
3529
552
3145
3364
173
691
2404
5714
5772
50
4661
3588
1811
684
4491
1442
4931
5895
2587
2060
4570
1344
4997
2553
2650
1921
2926
430
4749
678
4737
4814
1307
5387
1341
3557
2879
2915
997
143
4755
3900
2872
2757
3408
966
1506
4536
3794
2587
5731
4160
3173
5313
1976
2043
796
37
2246
1480
4140
3475
5282
684
5797
4356
4191
37
4233
5673
778
3930
3730
2965
5733
3662
5622
5733
2830
1212
1623
2859
4950
2023
1857
2220
1327
3900
1229
3588
2230
3276
762
3540
5714
4571
1034
2482
4931
5156
1802
4661
1857
343
2291
4400
5397
4299
4543
3132
5885
341
3829
3277
2974
4891
4970
5415
3648
5860
4614
5469
1307
2724
3777
4429
68
1569
714
2419
3962
5622
1337
1794
4020
3270
3740
5796
1369
796
5313
917
3631
1506
5622
3730
4891
143
4661
1369
5384
2293
5156
135
5755
122
4830
3922
2607
5469
2995
4457
4379
5151
4770
3312
2098
135
2368
4538
363
601
2085
568
5542
1744
1012
2676
4275
3306
1500
2600
122
5059
2349
4538
190
5885
5417
2947
796
465
5397
3764
2060
4380
1591
4340
1190
2997
235
3408
726
1543
10
4391
1344
3200
328
3312
5313
4661
3737
3118
1677
5803
5714
2652
3475
68
5085
4306
5466
1433
5417
2371
1921
2709
2058
5627
3513
3312
4830
3370
4970
4543
2336
341
5169
5313
1341
2974
1785
900
5645
1307
1369
3513
4356
3132
3173
1327
659
981
1764
2851
3435
2710
134
3203
2652
1190
1585
3670
614
3304
2539
2419
893
5530
3314
4830
4430
3302
4539
1504
568
5085
4354
3737
1851
3239
3304
4354
3052
5929
5895
134
2820
2220
430
5649
2594
3730
369
4830
1669
1322
795
1827
4467
2206
3789
1744
2809
4997
966
498
3930
2422
4749
5885
2347
3435
900
2974
5380
1764
4160
4920
3972
2709
4083
1152
1504
1677
1994
2689
30
72
5797
3989
1764
5356
1344
2047
5341
4863
3314
4379
498
2058
1445
2915
1337
3513
726
3789
5706
3648
4429
523
5501
3498
4233
1413
5645
1322
5387
2859
3777
4749
4445
1327
4928
1995
68
2444
777
227
5446
4546
614
493
5747
1012
5722
3300
3874
2602
1369
900
1529
1660
501
5649
3314
5530
552
4582
5885
621
1445
5380
2229
5489
2652
5387
591
900
203
3922
4191
3642
1591
143
429
4275
2337
3531
1687
2689
173
3631
2347
310
3764
3733
4830
5622
228
5341
5452
905
541
4013
5156
4379
2926
310
2260
2955
203
727
1506
2926
4118
4144
3962
3615
1500
283
1857
5180
5622
505
2023
3930
3171
310
4891
2650
1811
3631
5325
5259
2461
4299
3733
5469
3789
648
4024
1802
72
762
2652
3529
1504
2965
4525
4582
235
2419
4028
5225
3642
2336
5
614
3764
4916
3507
795
4118
1568
4380
493
5169
1543
3171
5199
1882
229
5085
3812
5895
5556
4492
1034
4365
1413
3422
4582
3203
5040
3178
3194
2724
3314
4275
641
5896
2260
3662
3819
4970
3475
2947
235
5796
2023
5706
3887
5733
37
343
4991
2650
5638
927
1568
3626
5108
5645
2396
3052
1369
4928
3498
2091
2482
2709
2926
1774
900
3930
2164
2965
1128
3300
552
4830
5673
4233
2164
5530
5070
2724
4841
5368
4749
4847
1034
2553
4506
1327
5191
3887
5169
4891
2291
5530
4620
5156
2619
1754
1857
3730
796
1426
3044
3874
1304
3312
4356
2619
4028
4525
3277
3364
3189
3530
5625
2809
72
5706
1569
2955
3740
2594
1568
5896
1190
3052
3918
3642
614
614
3370
5466
4281
2461
2337
2858
4160
4755
4340
2710
5645
1611
5384
2602
5341
5625
2058
3737
1256
2607
568
2128
5169
5158
2337
591
1747
1579
1307
3369
2587
2032
4863
3312
5387
4770
2336
5747
3508
3630
4770
2404
135
1369
3985
2819
30
5341
2955
363
3132
3783
3306
3829
4805
3631
5861
3364
3588
691
3557
2955
3304
1882
2286
1238
1034
4901
1997
2602
4022
1802
2650
2809
4843
2441
4960
5803
3794
1669
4380
505
5211
2873
3989
5722
1238
2419
777
2997
2230
1369
552
1591
1369
893
1568
3173
4928
1191
4118
5685
3513
3648
1994
5489
4863
5866
3794
2184
1229
659
4536
5380
3276
4785
5199
3777
2336
341
4379
1191
4281
4997
5169
523
283
5797
2974
203
4029
228
684
2819
2809
2206
5
5158
3304
3985
4571
1394
2441
5225
888
5751
1433
568
4700
3153
2851
3812
361
5796
1327
2349
3794
3364
1327
1569
283
981
2047
228
5417
3118
2625
4365
5622
3373
2396
4627
4354
1179
4920
1744
3765
3642
3293
2260
2607
5501
5542
3239
893
4379
2229
3730
3530
2600
5404
612
5580
5191
5755
1747
2955
5722
4063
2505
4991
3
4400
887
4628
2539
1471
4430
2682
3422
1585
2461
5191
3531
820
1994
2710
1543
726
4379
5959
2419
2423
778
523
3530
5530
2709
3435
3857
1677
43
4525
552
361
2441
369
5683
5374
2587
4024
2482
1632
3044
4150
2032
1882
1882
5530
72
5452
2325
1136
3900
2371
2337
5423
3300
2820
2587
1369
369
5374
2997
4770
5211
5959
3508
2879
2184
4098
2947
2441
2652
4254
37
2858
4950
1256
1229
4614
1321
3670
2650
2553
981
3583
2184
5096
2988
1933
1744
5070
3857
43
552
3773
3293
30
1802
4028
927
1506
3857
4922
796
228
2872
1899
5469
1322
5151
2947
5722
4082
762
2246
1238
1827
1591
591
2023
5415
2915
5683
2505
2676
3145
5191
5211
3408
5169
3962
1334
2250
3513
2164
3777
2682
369
3740
4916
5929
3529
3812
5211
2032
5466
4934
3507
1368
4755
2405
5
5070
3693
3530
2830
1909
3239
3662
5803
2184
4891
1744
5404
1909
5469
3508
5180
684
4379
1413
229
4024
1568
1304
3529
2441
4150
2349
5580
1764
3730
3819
2316
2482
1035
2858
2553
4991
3422
229
2652
2250
2820
1857
1785
4538
1229
2482
1229
3200
3189
4814
465
5896
3765
1754
2313
2652
4400
3631
4571
1543
1660
3178
498
4737
4805
4492
5772
3369
4661
3370
4305
981
5556
5417
3540
2423
1327
4863
3583
1785
3293
5751
1442
4661
3989
134
4380
1851
2947
5423
2587
4997
2915
4091
3513
1754
1811
4287
498
648
2820
3061
3930
1368
5300
501
4538
2859
4960
3690
5387
5649
1012
5698
1529
4429
5180
3200
3662
5895
648
3973
3631
1709
3798
1128
1940
5866
5645
3764
2250
4970
3314
2955
2879
1012
2539
4546
5556
4144
1238
3194
92
3765
5085
3794
328
1995
5731
2337
1034
3670
3730
5325
5861
5446
2820
3972
4144
4970
4928
3203
3588
917
4506
2085
5765
917
501
5722
4233
3957
5683
4970
5325
621
3615
3957
4830
997
1995
5397
4305
3662
1794
5374
1941
3468
3101
5377
2095
1034
2625
1238
2988
3052
1632
5225
310
2873
2461
4749
3670
5885
1471
1500
2246
1937
3551
5085
1035
5530
5404
3962
4305
2047
498
1500
2347
2125
4467
4843
5
2689
2023
3887
30
4082
3435
1529
4359
3513
210
3819
1995
3531
2396
5341
971
2349
4380
1369
796
4543
971
3513
227
552
4628
3507
5772
4931
363
5542
2830
3274
1321
5040
3765
1899
5
2482
2085
5860
3740
2830
648
4661
2198
678
2313
2371
1126
4847
4931
3408
2505
4150
1529
1995
5302
5259
4991
2602
971
966
2336
3508
5070
3789
1394
499
4628
5622
2043
5751
1369
1318
591
2600
3507
3435
4150
37
4233
2607
4083
5722
3498
5
505
5698
1088
5225
1941
4755
1606
3306
3730
4997
4281
1997
4160
2095
1394
5012
2366
4928
1369
1660
5040
5313
30
5885
3930
4354
5803
5466
2682
2229
2809
4150
1327
5466
2925
351
1369
2525
501
2830
3427
5180
1995
3306
37
37
1191
2043
2419
997
4305
2594
3530
2044
210
1794
2689
3507
2230
4028
887
4028
5374
351
4150
3757
1940
5747
2230
2347
1937
3171
5469
3373
173
5772
2988
5885
1321
3306
4043
1504
2349
2060
4275
4538
3293
905
3918
3962
498
3513
2974
4216
2619
3764
4970
4950
3773
5070
795
1190
1789
2915
4233
5860
2125
4305
1668
796
1504
271
3173
1994
5556
5927
2405
4934
4356
5755
4281
1304
5959
3194
4281
887
4830
5158
4627
4582
505
2246
4628
5151
796
3972
4960
361
5
4847
4538
5627
5215
3507
4287
271
3304
4400
2444
2809
4024
2337
5469
5772
1321
2229
3
2869
1785
3145
2594
4960
501
5387
2125
2206
4749
2587
612
4457
2947
5282
2600
5169
4700
2461
3730
3757
3530
1585
2293
3662
4492
1632
5797
4539
1504
92
2325
2859
5211
1136
3662
1433
2820
5714
1504
1471
4083
5452
3930
2607
5325
2043
4233
4281
3829
2246
3819
3513
1623
5772
541
2396
4098
1035
3203
3783
4970
5325
3887
1349
1569
2349
2830
3631
229
3304
493
3422
4028
3733
3513
887
1035
2709
4029
3276
1747
1179
1857
1687
2858
2206
2337
501
3857
2404
4305
3
4445
893
3887
684
4281
1344
3972
51
4098
5259
4083
51
2809
4970
4749
3737
1321
3985
3764
5866
4144
341
2413
1937
4287
614
2422
3737
328
5466
1606
678
1307
5356
1677
430
5796
5673
1569
5012
4755
2286
1368
612
4216
5797
2023
2262
3145
3508
1327
2682
4380
1994
4891
5380
3887
3670
3730
2371
2830
343
1794
2873
4356
1034
4991
1368
4970
4281
3101
3206
591
4140
4022
414
5580
498
1322
4755
3730
5452
1480
2422
173
37
1933
5341
5751
5452
3293
4082
2965
2482
30
5423
4356
4997
310
5714
361
2965
3178
3277
2286
4207
2539
5341
5387
3670
5489
499
3962
2724
1500
1504
1668
1413
2461
122
5344
3422
2947
2830
135
3194
438
2349
3642
4160
4916
3551
1994
3972
2043
5368
1212
283
4716
5215
5683
888
3194
3540
2349
3962
5747
4082
3630
3648
2947
744
1569
4934
1304
1368
3773
1994
5501
4491
4997
2915
5625
4305
3364
2125
4359
4749
1318
2461
1976
4538
1012
2851
2286
2819
1632
2229
3642
1787
2869
3937
3765
369
1136
5803
3293
3531
2859
5627
1212
4430
501
4997
1529
1941
714
1997
5645
135
5714
3153
5982
1669
5731
2607
3118
3508
4830
3551
4160
5313
568
3858
2366
3206
1687
2347
1754
3203
4950
3364
4755
614
5489
2955
4391
1191
3189
4380
4539
2444
4457
2925
601
1774
505
2091
4091
4755
5259
1632
1709
2926
414
1256
2461
1321
1191
927
1369
190
1827
438
2847
3435
3276
1369
4022
4506
1124
2851
5374
4506
1585
1413
568
3812
5685
4614
5683
1921
3408
1585
2873
3422
3276
4997
2925
1344
714
4354
5423
5685
4400
5860
2366
5380
37
3293
4281
3583
1827
2619
684
2043
1623
5374
3648
10
1569
2869
3540
4614
4950
3551
3918
3922
493
2879
210
2872
614
2505
5325
4430
493
203
2347
92
2525
134
2098
3
3422
1394
1445
430
1754
2229
659
2587
5151
3370
5685
5012
3989
4997
4901
4063
3887
328
249
3274
4749
3314
3314
3670
5356
1337
4934
727
3773
1433
1304
2336
2091
4429
1136
2869
4785
5733
601
228
5223
4082
3918
4661
2044
4216
190
2337
2291
1937
3370
5530
3369
3957
498
4737
2047
2290
1506
1747
3730
1034
3798
4254
3435
1506
3453
1827
3733
5313
51
5542
1940
4098
4356
1754
5673
3373
3630
2820
361
2404
2347
3101
691
2915
3642
5861
4254
621
2060
1349
777
1976
3408
5377
1976
3
3173
3369
5415
4536
2058
2091
3631
691
4843
2625
1882
4755
1152
5384
2413
4841
5085
762
5797
2125
796
3531
3858
4281
3985
4920
3373
5387
2441
2291
2250
2220
4356
1179
2325
691
5959
3203
1569
341
2291
4091
1318
5325
4091
4254
1012
4380
5797
5673
5415
5731
3777
3200
1529
2847
1905
4160
4700
4749
3437
4013
4191
3370
5860
249
2262
4863
341
2396
5199
4275
5417
2290
3887
5151
714
3276
5797
2368
648
4457
1632
2482
2587
2032
3171
2405
4299
2368
2250
3427
2371
1787
4916
887
2809
4024
1899
4571
135
5959
3364
1857
903
5755
2997
4536
2422
1976
3819
5673
5423
310
2286
4082
3583
3757
3513
2607
5466
5649
4356
888
1585
887
5404
4570
762
2461
4380
5755
4847
5747
4525
1857
3435
4400
5649
2965
2347
5885
2422
997
3812
4814
5706
2366
4920
3373
3206
2044
2368
2246
2229
4043
2847
1811
1413
1997
1307
2482
3730
2291
1995
498
4716
341
4814
1128
1341
523
5489
1413
1811
2925
2325
1124
2461
2047
2098
1785
4233
2044
5530
2602
4749
4928
5223
3764
493
5259
1905
499
3829
50
72
351
5683
2691
3551
4841
5199
1129
3615
927
4430
2650
2587
2220
3764
1500
438
271
4091
2847
3531
5387
2164
2619
5765
3730
5530
3453
505
3153
2206
3101
4770
4429
3052
1677
1318
2043
5377
3529
1034
4275
249
3101
2587
2505
5169
5211
2947
1394
3630
1941
778
2947
1368
361
2422
3293
1471
5627
621
678
3239
4770
122
3508
1152
3858
820
4628
4216
5356
1632
227
648
1442
3239
37
2607
4543
3757
2032
493
888
498
4391
1136
2128
4997
5423
498
3171
648
2710
4614
3842
2220
3302
2198
4024
2587
1369
3276
249
5344
2830
3101
1035
2607
1744
1744
691
2125
552
5374
4233
51
2125
2859
82
1677
2260
3985
3529
2206
5313
493
4571
498
5927
143
4091
3765
5151
5797
1937
3900
3557
2032
5731
4843
927
4628
5344
3662
3531
2525
4830
1034
1369
2250
1669
2594
3052
1307
5469
4359
50
4150
5501
744
3937
135
1304
1585
203
2371
1899
2926
361
1568
2404
3829
1995
2286
5638
3507
1976
1334
4043
2043
2974
1941
4281
5803
3300
4755
190
4380
1660
5683
1369
5085
5860
5169
1369
3631
2423
3132
2809
5982
903
1179
1543
1802
4916
2060
1933
3730
2250
501
612
2286
363
2676
310
3662
2525
72
134
2316
356
3132
2461
3194
3300
4525
678
1124
5755
1307
4400
927
4491
2945
2413
726
499
2809
1976
2325
10
4749
4467
1256
3737
568
3369
888
4546
4841
1899
2945
3989
541
887
3118
5861
900
1579
5356
2250
203
2947
2652
2955
5387
3789
1754
5861
2206
1787
684
5649
4091
5356
2607
227
5803
2525
5765
612
3061
1794
5765
903
5151
1442
2290
2869
5530
1341
2925
3930
2128
2710
1445
2689
3370
3437
210
310
3922
3551
684
122
2368
3270
5895
3887
4365
4140
1591
1035
2336
1035
5469
2423
3171
971
5627
1606
50
1591
1882
3962
2676
173
4770
4281
2995
1433
328
4891
3044
3530
3777
3276
1677
4571
2125
5765
3435
5765
5151
1318
2757
4863
5645
1035
4168
1229
369
5895
438
3630
4305
2419
1787
5466
4144
5530
5415
523
4863
4287
2650
4539
5085
796
3757
3300
5625
1229
3408
414
4506
927
3189
2337
4160
341
3369
796
2553
648
2085
1747
4306
3737
2032
1321
1480
3985
4960
5580
1506
5341
68
5341
2869
493
10
3302
1669
43
4391
3498
1623
4770
4144
2336
3203
1744
5386
820
3819
4830
887
2879
4391
4700
2368
2290
3508
3173
5180
3508
5211
5151
5180
4380
4029
3730
5199
438
4028
2594
10
3531
4928
2164
2974
5387
3118
4815
903
2128
1744
1318
2262
2724
2336
2955
5649
1764
341
3842
1811
493
43
887
1827
2260
3314
5215
2085
3304
727
1976
1997
498
351
2293
4785
5415
2336
3118
568
4356
3957
5959
4901
5282
5368
5151
4546
227
361
227
3153
4491
3364
3777
1568
5542
4525
310
4118
2602
2505
1668
5180
1256
283
1369
4628
4920
2250
1442
2230
1344
5169
927
1413
5156
3435
4922
1152
3626
3306
2423
2085
2482
3145
4492
4022
2125
5772
1191
82
3200
2125
4737
3957
1318
499
4043
5797
5199
2290
2236
2347
4028
2293
981
5059
659
3887
3453
1152
5927
3171
3306
2872
5714
4539
1349
2945
1940
5885
5225
1327
903
2422
4305
5706
1500
1445
1368
5638
3475
730
3422
2809
5622
3203
2461
4570
5580
3989
499
3507
356
1997
888
888
1179
4022
4430
122
1500
5466
3369
4029
4365
1623
726
5085
3453
5797
3422
4429
2316
3973
3277
2607
3475
4467
271
3422
2955
1256
5959
2091
648
5796
4091
4306
1905
4970
568
1611
1321
3274
3730
1668
3962
4098
37
4379
2023
2396
229
1088
1632
1747
3200
1035
4922
2607
5191
2505
2947
568
2851
1426
5085
3557
5397
2260
4305
1529
5622
2965
900
2230
3531
4620
271
893
3773
1937
328
5384
5059
4538
1238
4207
5215
3973
727
1341
1426
3551
3314
3435
778
568
2600
2441
5096
3513
523
2032
4160
2413
5683
5417
2461
1179
2220
4098
1394
2947
3189
1190
1851
5896
3842
3985
429
4160
3527
1344
691
4620
3783
4960
3783
1851
3304
3588
4287
2461
5325
3369
1997
2724
4997
3588
363
4144
5530
5861
3118
3304
3773
4467
3306
4380
5751
5645
4843
2682
271
4928
5223
2125
5530
5861
5096
3453
505
249
5556
3648
4614
3733
4997
2709
2682
2869
465
3153
4970
1937
5982
5325
1606
5211
341
1905
4628
3373
493
568
795
4525
4815
4400
1229
4830
4191
498
2820
5096
1318
1579
3189
4570
363
2423
1921
3427
2184
5706
2995
4931
1256
4491
4380
1811
1322
641
5927
3812
5466
3300
1307
493
3812
3740
5731
966
5387
5386
4614
5368
4571
1585
5927
2757
2405
4928
2404
3819
2349
498
1811
5387
1677
2337
1136
1568
2047
4538
1238
5040
2926
2600
2650
2945
2047
4168
5685
3765
2229
82
4028
283
4582
2043
4716
3422
5466
3527
648
4233
3178
4140
3132
3631
1774
5180
2607
1368
2676
2915
1568
2859
3453
1035
430
4340
648
1256
5959
1529
2316
5755
5860
122
3513
2600
4144
1606
5861
4024
2236
5368
1744
1569
4144
4536
4356
228
3507
2098
2085
3642
2652
203
4570
2461
3937
3312
2819
4150
2229
5803
1921
5225
1471
1940
3302
2859
5223
283
1307
2091
4287
888
3508
888
1611
5387
523
2229
3648
414
5489
1480
1744
1687
1126
2313
4118
1747
4028
3200
3773
4083
5896
2461
229
691
1909
3498
190
173
2032
493
3730
3498
3794
2260
3693
5698
4356
3274
72
5796
1529
1341
210
3293
501
2709
905
2098
5714
4614
5300
5501
5530
4354
2098
2925
2925
2441
568
3765
4916
501
3314
1012
3306
1632
2250
4863
4928
4020
2525
601
4891
2587
2926
3061
714
4920
997
5772
5423
1764
4814
653
1344
1238
341
3615
1585
2988
3044
4755
1337
5387
5282
4785
2974
4950
1789
1754
1909
5885
795
523
2336
235
1851
3874
1940
1921
2368
1212
2710
5423
2682
414
3370
3957
4028
4467
887
4536
1568
5733
4841
2184
1632
4627
271
1909
653
3373
778
1128
4863
3306
4814
4150
888
4785
5259
5259
1747
3203
3200
4013
2461
3453
341
1787
2691
3239
4216
2915
3730
903
1327
143
2724
888
1591
5012
3435
887
3274
1126
1321
2461
1899
5225
1882
4843
5580
2128
3508
493
363
5698
2246
4380
5040
5501
1568
5156
3302
3972
4457
72
5108
1238
3930
3937
4916
5158
5446
1256
4755
1128
5466
1500
2441
2337
5085
2262
3670
4467
3206
1623
3101
1632
1744
3798
2336
5059
5356
4168
4960
2325
5404
5156
2349
4028
51
3829
5722
917
203
1238
3757
3364
134
2444
122
50
2286
369
356
1543
1687
678
4997
414
5861
1632
4891
3962
2085
2336
1976
4841
4506
51
2587
235
4354
1304
1445
4091
4306
1921
2915
341
5313
714
2229
2682
4491
3239
1632
1304
3189
2230
2286
2023
3626
1318
429
3630
3930
4815
4118
1304
927
4491
3206
3764
501
5755
3118
2879
5929
4445
2262
691
4430
3189
5530
2128
4525
1744
1921
541
356
5070
5580
4287
3630
3173
3930
72
3798
4950
271
3765
2336
1543
820
2423
3765
1349
2230
4299
4614
1660
343
3044
727
2368
5156
3812
2710
4950
2032
51
4814
5469
2336
905
1191
1337
2290
3145
1191
4815
1034
2091
5861
5356
1668
1660
3373
1369
3690
2995
3508
2819
1304
4614
2229
2691
888
4847
601
1687
691
1128
3239
1669
5215
1611
4379
341
4950
2988
4013
5223
3765
5423
4582
5625
1794
3857
30
795
1687
1304
2602
5368
4546
4063
5530
3206
1318
2539
2023
4785
5344
691
4354
1794
310
363
1802
905
235
2441
5151
3557
1337
4020
4391
4020
414
2676
2230
1321
4275
4020
4098
3858
2859
2347
4140
2125
893
4627
135
3690
2413
3274
2032
3453
5622
1369
4901
1442
5374
5466
2650
438
1433
3551
2600
1794
2873
2872
523
2988
2926
820
541
1811
1318
5344
3588
2858
361
4916
893
5638
1256
2600
2858
3052
3312
4160
4991
4997
4233
4841
1569
5698
3239
5927
3
5722
5452
3145
2262
1471
5368
2525
3829
691
2291
5706
37
5731
3985
271
2206
5796
5423
3118
4340
601
3276
653
778
2482
5211
568
5386
5344
4457
1124
1764
2347
1669
900
2058
3733
568
2947
3540
3642
3789
5
1802
1789
2058
997
2710
1632
2830
5
1802
2441
4901
68
1212
3300
414
3274
2290
369
4492
3900
5489
4340
229
795
981
2043
3364
2724
641
678
3101
5885
4150
1445
1995
981
612
5446
2250
5259
1304
3973
1669
4029
4582
3690
4457
1669
2419
1918
1921
4216
2098
4445
1529
5860
1606
2423
2602
2371
5896
3583
4614
3773
1940
3173
2371
3270
1322
50
3527
3794
2230
4445
5649
499
3422
1591
505
3588
3370
1136
5387
1128
1369
271
900
4022
2293
5501
4491
778
612
4991
3642
2691
1744
143
568
4628
927
678
5191
653
4815
2220
5627
4891
591
4614
310
3173
465
691
4928
2619
3153
1238
190
1529
714
3513
3630
4380
2859
341
5556
499
3314
4997
4755
2220
5747
4287
3312
1677
5731
2607
310
1327
3276
3
249
1747
2859
1349
1764
4847
72
1921
1081
5751
1940
5698
1506
3615
3630
1568
1337
4628
3690
1579
2032
966
4755
1995
2955
1442
5673
5860
762
648
249
3857
1035
5374
1744
1229
5158
1341
4467
2236
3293
2125
5530
3427
591
1128
2873
1857
3740
1669
4430
2413
498
2650
966
796
4700
1368
92
1909
4805
2682
648
37
5469
727
591
2293
4160
4379
4118
3306
762
3887
2325
1413
227
4749
1445
30
2058
5860
552
4755
3615
5211
5796
5755
1212
4628
4168
5803
2184
2060
3189
601
173
3427
2405
4491
795
3540
1811
3529
1585
2125
2290
678
2206
3475
2286
2879
2220
4571
5404
3540
2236
3173
5627
3887
1668
1611
3427
2820
5151
1787
4043
2250
341
3829
2652
505
4287
2757
10
1579
552
3427
2290
2965
3764
5959
2988
2423
3132
1445
997
1569
414
4024
4083
5452
3453
430
4950
3206
3662
5387
1802
3453
1632
3985
2859
4013
726
3118
3314
499
5096
2600
3373
1827
4492
601
3171
2955
917
3900
50
5386
4491
2336
2997
2830
361
3189
3588
1012
5860
2060
4216
5556
5772
4571
1136
3973
5861
3364
917
5866
1579
3314
4755
2336
3985
4029
341
3789
4391
4843
3189
5452
5302
1327
3798
2230
37
3408
2349
726
2553
3239
2847
498
2043
2525
190
1426
3962
4467
3529
966
4582
4543
3171
1369
795
4841
2336
4755
5580
5415
3513
1504
2371
3475
3276
3740
271
4144
5211
4445
795
50
5302
3662
1126
1933
4539
5012
614
2316
1857
4144
3957
3670
3690
82
3370
5698
3302
4168
3985
1687
2997
614
5085
4340
3239
905
1318
541
796
5706
744
4144
3930
2872
3200
3422
1937
3690
3962
2676
2652
5325
2043
971
351
3270
893
92
5861
3370
4950
3812
4770
4207
3427
3583
917
5040
4400
1909
465
5386
2422
4457
5683
5722
5199
51
2184
905
3173
5446
2250
4716
4661
210
4391
5796
1568
1660
2965
3270
501
4814
903
3189
2220
249
1128
887
3306
2691
5300
5896
414
4847
3529
1034
691
5085
5751
5446
4830
3118
5040
2405
888
2945
2587
2262
3178
3206
2926
3270
4749
4233
4356
5803
1851
1668
2023
5885
2441
5489
795
43
2955
3858
4020
2525
3498
5645
2925
2371
361
351
1606
1136
5384
4922
1579
3178
5313
5070
5374
3153
2291
5012
612
4571
271
5199
1321
2230
4841
5797
10
1997
1500
501
3507
2676
2404
1997
228
5860
4920
2405
1632
3274
4354
2368
5896
4749
3588
3302
4571
3858
3239
1921
361
5896
2505
2405
5415
4457
5386
3530
341
3973
3153
5755
2286
653
1669
1034
5085
653
2873
1785
4950
971
1905
621
3364
1677
5415
2553
2830
1337
5404
3189
3370
3630
5649
3364
4661
2858
2873
3937
1941
3957
2229
4863
3842
3670
5698
887
5225
5085
4538
2422
414
1709
5374
1344
1764
1445
5645
310
3314
1413
5489
3874
4140
3427
3972
2164
887
1905
2023
903
3206
429
4354
5302
777
4299
5714
10
1687
2872
2043
3972
4960
1857
5959
3937
893
1909
68
3900
5452
30
5722
4922
1632
1136
3922
173
1899
1811
2047
5627
2184
5722
3132
5530
3498
2851
2366
3985
1774
5180
283
3783
4901
3922
4379
4928
4997
3857
1909
4491
4013
762
5797
4365
648
5156
3842
493
2926
714
4843
1882
3857
795
3630
4457
37
2250
3777
1128
228
4891
966
893
4091
2349
1794
591
4830
552
4863
612
501
5860
1933
3370
2091
2879
5302
1994
3171
5683
3189
5169
4755
5386
1940
3153
1500
1709
1918
2915
2336
3293
4538
5751
4299
5580
5415
4024
1794
3300
3475
1152
501
414
903
3276
3937
997
5225
966
3972
1500
2587
10
3427
2405
2236
2691
5673
1433
691
4928
917
4916
2858
1941
5452
4991
981
4391
2757
612
4492
5108
328
3858
283
1337
4997
2316
72
5313
5625
1709
4091
4306
5673
5638
5959
50
4028
4191
1256
2236
2220
4299
3101
927
4916
1212
4543
4305
5059
2809
3794
227
2286
3
2349
648
3132
4997
1669
2413
3189
4457
3206
1794
3937
3670
1344
2347
5070
4546
4380
1857
4841
2404
3693
1129
5731
2965
498
2926
1256
4847
2293
3173
4467
2262
2820
1851
4543
328
2423
2461
796
1035
51
5860
4843
1504
4430
4841
1744
1088
5580
5929
173
4814
249
363
1129
3874
5896
2419
795
778
2600
3794
3118
227
5215
1426
744
4379
4785
5059
5199
900
5313
1471
2607
3648
4991
3798
5211
3312
3507
4546
1660
3369
4891
5085
4365
4627
414
2553
2709
4150
5542
2594
568
4737
5259
678
4191
2602
4207
552
5501
5751
2869
4770
2337
2422
2060
3435
4960
1754
3178
143
4254
3985
2441
310
2230
361
5731
3435
227
3794
4755
4445
3557
2095
499
68
648
1035
2819
1504
5423
3206
2058
5151
4991
3937
5649
5796
2246
2757
1413
714
726
2607
2419
4457
4150
5151
4287
5423
1579
72
1529
3798
4716
3588
795
2482
3989
1997
1785
5191
5466
229
4997
501
3277
2286
203
2691
4191
1344
5
1124
2676
3044
4506
92
3508
2997
4815
905
1794
3918
499
2290
3757
4091
1568
4805
2997
4254
5169
3918
2594
3531
4749
4506
5469
5282
4365
1088
1081
3773
3730
3730
2441
2974
3145
4928
4083
2650
5151
3422
4275
3475
5683
1543
523
3373
1660
1918
2995
3527
2444
1426
3435
4991
3427
2482
4950
4991
1632
2349
1789
501
2441
5313
2872
2505
1442
271
3203
1506
1368
351
3475
2250
3300
1500
4359
5384
3153
3145
3527
3304
3922
4429
2974
3508
68
3052
3153
3422
1471
5341
3764
3302
5282
4445
1827
762
283
653
1744
3101
2371
966
2260
1774
641
4928
1774
493
328
5866
2236
4931
3173
4216
4960
1256
5645
5501
2505
5415
3829
591
4356
4091
4901
601
568
5169
2619
2995
1368
3764
2602
4013
5683
2682
5645
1787
5344
900
4082
1997
3270
684
2032
3435
691
3631
3427
3690
2336
1445
3178
4916
1941
5860
2325
5223
1529
2405
1256
2125
5959
4614
351
1442
3437
2229
5397
2482
903
4160
1794
4028
3777
2482
369
903
3630
1976
5645
1344
4340
2336
3306
5747
796
3435
4380
3829
3527
2128
1585
3044
4620
3783
4082
778
122
3498
2404
5649
1995
2539
2250
2206
591
3200
2125
981
5542
1191
5446
2809
2091
229
4991
3061
134
3829
4098
2539
1368
1238
1307
143
997
4901
2246
228
614
3171
2023
2947
1191
4083
1341
4571
2058
659
2619
5040
2809
2198
1088
4843
2060
82
5796
4991
4359
5156
2602
3557
4916
5927
3900
1480
5542
3364
4233
4571
1368
2947
3435
4356
2607
4082
2095
4570
4429
1124
2125
5180
5466
1606
4716
5380
5530
134
3630
2229
5645
5386
3962
887
3733
1997
1322
3277
5446
5638
691
3422
541
5059
493
4275
5797
1976
4391
981
2539
4098
966
4233
641
5282
2091
1940
2128
2349
5638
4216
5070
2095
1569
228
2291
5397
1445
3171
1568
997
4022
1190
568
5860
2915
762
4997
903
1941
5096
5215
4340
4805
3690
5685
778
4028
997
1623
4922
2404
2316
3930
2336
5645
3985
2230
4737
3507
4991
341
3422
4920
4920
2859
3918
5714
341
4013
2095
10
3277
1921
2600
5530
3789
1905
2047
4546
3270
5386
3757
2260
3206
4916
4997
3842
4920
4400
1668
4340
1128
3270
2164
2724
5108
4233
2965
4970
3733
2085
1179
3557
2682
3304
3798
3588
235
5982
5501
5341
1179
50
4354
3829
4430
5387
1937
1191
3874
235
3052
351
4546
283
1677
5861
1081
4028
271
3293
3498
4916
3829
4457
4891
903
641
1504
5765
5387
2461
3662
3918
1851
5638
1152
5211
4028
2444
1369
2366
552
5404
3783
4305
1937
2873
4991
4359
5714
2091
227
1256
2336
4160
235
4281
283
4571
4863
1794
3588
3277
2184
4281
5673
4429
4539
1623
3468
2482
1747
5282
3370
2461
3132
351
4306
1344
501
2847
3693
5384
3306
50
4160
3370
4191
361
2652
1747
4931
37
2262
5380
1669
3730
4492
1827
3757
981
3730
1827
4281
3957
2847
3194
2184
2091
2652
4118
271
621
4700
1190
3312
966
614
92
134
3312
5747
1307
3364
3615
3304
351
68
714
4098
493
5649
762
5885
4091
778
1081
4536
190
2995
4275
4749
4028
2600
2441
4506
3173
1321
4140
1190
2757
2965
4755
3369
2085
2371
893
3200
1754
493
3194
2058
501
4287
1442
5683
4028
4013
1909
1744
4785
1744
493
3200
3551
3670
2482
1669
523
5386
684
5
37
5384
2945
2945
5580
2230
730
4543
2325
900
5387
3300
2873
5649
2997
3730
5191
3857
4661
2032
5108
203
438
5223
4022
5180
1933
796
3468
887
1569
341
1941
1334
5313
2847
1591
903
3765
2325
3507
2404
4997
1764
10
541
2809
5374
1369
2625
2229
1506
3757
4620
430
1369
3364
2461
568
5446
4029
5638
5040
190
2032
5415
3239
2085
3373
2652
3203
2830
5302
3
82
3304
50
4525
903
3507
3551
3962
4506
3531
5191
4755
1857
2724
2291
727
2404
4144
5356
4354
1238
3498
3973
3690
2879
1442
971
1789
414
5341
2587
1940
2724
4082
4536
5861
1229
3408
4628
3312
4628
2830
2757
2293
5530
2652
3
4013
3171
684
2955
568
4920
1212
2625
5896
4536
4749
5683
4960
2313
5070
3507
4749
2724
2044
37
1128
4457
3306
714
568
4359
4216
2997
5452
3812
1334
3662
3765
5714
3306
3276
4582
2371
1322
3189
2525
2091
1709
430
678
235
369
499
493
4570
3557
4305
5180
2336
3369
1940
1744
5259
4661
3274
4043
2220
3529
2405
2198
498
2505
4770
2336
4950
1124
3370
3312
4492
3508
3764
3857
3364
1994
1764
5733
3551
2198
3557
1012
3306
5645
4891
4359
4934
2336
5706
3819
1433
888
3364
92
4216
5747
3530
4022
3453
2058
5530
1500
4144
4506
5386
4843
51
1337
1660
4570
1785
1632
2220
4815
3052
2820
5012
5466
4098
271
1787
3200
5040
796
3985
5156
4620
2652
2858
351
2325
2873
2505
3427
3300
235
2396
4354
2095
3118
4546
3630
4627
5313
2091
2349
5404
714
5380
5387
82
3118
4863
1937
5861
2220
1480
4570
1591
5446
2602
2325
5797
5259
3507
3203
3773
68
5685
3740
5108
1709
363
493
1152
1941
1212
1256
2587
1191
1774
4891
1764
5211
4457
2945
3044
4299
1941
3044
493
2689
5469
4168
1802
4287
3764
5423
3630
4024
5225
3773
1034
1851
4916
229
2482
5223
4379
4168
3061
1035
726
4098
2290
5070
1827
5452
3203
2316
2505
2974
5059
2602
2652
4661
4970
1774
3530
135
2691
4400
2539
3730
2461
3829
1744
5225
5012
3740
341
2682
2709
3274
363
4359
438
4934
5698
1212
3468
4934
3583
3693
3765
744
4144
3989
5645
361
2915
4805
5070
2044
4620
1811
3588
2757
4582
3857
4539
5627
4168
4340
4098
2851
1687
4997
3435
5722
1179
1081
1568
1368
4749
5302
5530
501
1802
2652
2625
1789
2095
4024
5380
1744
1012
1394
5722
2336
1035
648
1191
648
2184
4492
5223
3740
4160
3670
1012
2091
1129
3531
1606
3153
2441
3302
4467
4020
1579
1976
363
5896
5452
5282
4997
5223
1304
2260
4354
3733
5733
2444
3631
4191
1256
4830
5040
4661
4770
1034
2316
4863
795
5085
2198
3631
3276
3530
3145
4922
3276
3551
1787
2423
5706
4814
4216
4614
2676
2325
5927
5625
430
4191
4815
3529
4024
3937
4429
4207
1744
82
730
3529
3369
5300
2396
4539
3468
4700
684
5085
2988
1337
5860
310
3435
1677
2619
4916
4216
2262
3900
4391
5108
730
653
4863
4991
4028
730
4770
1774
3300
5325
1349
5
1937
1774
1811
3435
498
1349
3312
2060
283
2553
4029
641
3
3557
4920
1190
4570
888
4716
2945
3819
82
5070
4539
2125
2809
5542
5404
4022
3531
4429
5673
5211
341
1304
2206
5356
51
3757
43
429
4144
4815
4013
501
4749
5542
2587
2291
5530
727
2915
5156
4916
2851
1918
3276
1933
4091
5300
1442
2405
1709
2607
5772
3293
5765
1307
1764
2286
1334
2819
4028
4627
2044
888
3239
3973
2184
2404
2689
2859
5959
5223
5387
4356
2423
4901
2652
1585
1882
648
4306
2444
1229
2525
4970
2676
4013
2650
1256
1882
2413
5374
1660
3858
2482
612
369
4082
505
5959
3757
3588
2947
2325
3061
5211
2553
1426
228
4863
1368
5356
2955
2461
4144
4275
4082
4506
229
351
2441
2820
1632
3153
2125
903
5866
4525
795
2023
2858
2291
5772
2525
3783
5325
414
4275
5765
4140
568
498
4805
3783
2337
4841
3369
3468
3900
641
1785
203
3
641
1785
2125
2539
4380
1687
3498
5387
1568
1318
1677
4716
3498
3277
1579
2404
3531
3530
4901
3044
3370
1882
356
5530
5685
2250
4536
796
4340
3435
5384
5374
2441
1190
4024
3874
3527
5751
3626
135
3615
1471
1327
3740
5685
591
4275
2820
3302
3662
3642
1322
2947
5215
2058
414
1334
2405
4901
227
3527
3239
684
3118
796
5755
887
4150
5683
5386
2945
1787
5927
1591
2587
1933
591
4991
30
2965
2441
2396
541
1304
310
3757
1606
4191
5191
1744
4083
4916
4254
3733
82
3530
1506
4931
5772
5683
1754
3615
4570
1012
2058
5012
5982
2587
2539
1344
3631
2043
2461
4525
1506
2260
4281
1606
429
3507
2250
777
2988
5085
4028
795
3453
4028
228
2915
3132
714
2539
2184
621
2250
4737
5982
5096
2229
2594
1585
2206
3798
1500
2206
4737
5706
1918
1506
4024
134
1304
4620
2724
2689
5927
5530
4275
2313
1995
3551
1322
3527
4063
1322
1811
727
1568
5215
2539
1337
1909
1034
493
3314
3842
283
228
5797
283
4118
493
4160
3427
3145
4445
2023
4160
4305
5722
3527
2229
1034
3435
893
3819
1851
1744
5386
4281
2809
2229
2525
4934
2125
1124
4491
905
4614
4380
341
4571
2724
2724
4445
369
4538
4901
1256
744
5731
1256
1034
4118
5731
5368
3061
2316
1606
2461
5489
2602
5885
903
5489
4970
2336
5885
2291
3
1012
3773
887
2098
4716
2441
3887
3819
1785
1585
2676
5896
5356
5722
3819
744
1909
5282
1349
1034
3118
5423
2947
2600
2872
1307
4013
328
3615
2873
1191
5796
4843
927
614
2091
30
1369
3276
2650
465
1585
1088
3693
5649
2316
228
523
3730
2293
2682
1568
5860
3189
3989
4207
2085
641
5452
3277
2291
795
4082
3274
2313
228
4582
1368
3373
1480
5683
1940
2044
3293
5344
5259
2915
5530
5341
981
5772
4614
3370
1543
3789
3630
4022
4539
3900
1905
900
430
3642
3435
4022
2206
3662
4539
4749
5673
5929
4380
4118
414
1426
1529
4400
4118
5706
4755
310
2404
1394
3765
3052
903
5751
1256
3540
2482
4716
5489
4716
1369
2349
3513
2461
283
429
903
3962
5501
5638
678
2413
2184
1304
1088
5866
3764
3693
4847
2602
3132
4916
1585
1857
3277
5356
2325
905
5556
905
3857
5446
4491
2441
4359
2290
4400
5896
1933
3930
3985
4538
3626
1941
341
1126
3773
4749
4620
4997
1905
2869
4814
4891
3631
1709
2250
203
568
4863
4538
5466
4098
5259
5885
2125
3101
1569
505
4997
2371
1124
3153
2873
714
4118
92
3531
2085
2915
4755
4620
5397
2619
3757
1152
5377
1744
5685
1687
777
2441
1307
1088
4380
1774
4901
4429

